0.823697232414985
0.821613490862959
0.818074116174018
0.828992354665851
0.822689081655061
0.828096600227887
0.821502055265933
0.82030614693937
0.815929461399802
0.829979438086762
0.826764546098945
0.820923826272469
0.835180196444471
0.82844193013849
0.831413716200882
0.825520122364645
0.821970888309038
0.816794433309221
0.826556930332172
0.833792516969708
0.823753332844211
0.820144026216183
0.827498664269054
0.8278958149836
0.818011030041386
0.820857688511063
0.828400874954044
0.830673298679201
0.831596181228056
0.818561658735194
0.826552832555622
0.826495072200122
0.825210261916949
0.82944689867764
0.826849656712996
