0.581822046510767
0.606670615838853
0.569496537617002
0.587181936936085
0.587895813852047
0.585684651214094
0.616139531033746
0.607109990113303
0.589489009589714
0.63045669813357
0.579158164056692
0.599982679003475
0.612423815839002
0.596167842872962
0.588440305889232
0.571716634232215
0.565933817082932
0.586505719645011
0.593941550912206
0.615837699978234
0.618447462943939
0.589581426422763
0.592987725657944
0.60466459703945
0.606964932987843
0.58729520428298
0.600048828677392
0.603826516608577
0.607682856372217
0.577218244727922
0.635729163912603
0.604711805122334
0.599904229193159
0.601813520649283
0.592363721690035
