0.911384367870355
0.934876245407219
0.937823912569247
0.595234026597595
0.62928212255437
0.921033522599697
0.929783695375473
0.914355962662168
0.913770168086791
0.935244893292098
0.933693942345917
0.950401432176587
0.923579366730047
0.938027350312547
0.933240201741574
0.945240335213557
0.938483885703249
0.941103633698746
0.923954076631849
0.911090870230247
0.91151000224299
0.920792390191053
0.907500952760564
0.916114194431177
0.919220170091954
0.914502499943824
0.927205312107707
0.916895463727777
0.922396519898082
0.637325005194548
0.924871563221079
0.944005762037226
0.91934729747229
0.926442601901055
0.935719244863699
