0.776427443020962
0.783551226358335
0.781526167512931
0.785869476796209
0.786757730945968
0.781926977725246
0.783390798074737
0.781599703427501
0.782715993849715
0.782240665243019
0.780927406795488
0.895575210826987
0.787609857532218
0.790493106708668
0.785542456817531
0.776553471228341
0.790540388917072
0.780842184146703
0.787252941344902
0.779639302954457
0.780514209269556
0.787797126598637
0.77695060911853
0.784449617141339
0.786354540139951
0.772941361314074
0.784808450943914
0.781181666561874
0.775732933950279
0.779995102332866
0.776474554055015
0.785157466144241
0.779982036224339
0.784410205439008
0.790931714215262
