0.712811248700845
0.701081625085995
0.712903630780505
0.707016954243078
0.694840961423631
0.702745068736386
0.711250100144105
0.702417195260643
0.717488157100867
0.709226577706157
0.697255478538871
0.699783471979568
0.724818357290312
0.706001737636053
0.712103777324215
0.700894897830481
0.707959224046102
0.70904606895454
0.707486768042538
0.709189663198515
0.712629937384261
0.70326551891129
0.715494623402559
0.713926105691761
0.717212751495438
0.699751932557337
0.710260000130013
0.685228762735694
0.725520932642741
0.724200736184379
0.691433608495927
0.731443470456929
0.702738383872509
0.706885677512134
0.709994073750012
