0.745849678898181
0.747329802968248
0.759654263926445
0.7417106324997
0.752900439767553
0.746715343143053
0.75692253114501
0.750788802449849
0.744268134073423
0.745085895925479
0.75402608750804
0.723578942222907
0.758277921544735
0.748340849313114
0.733682009664043
0.749211281303206
0.748689694493209
0.739861686931883
0.74153668718959
0.749669952614329
0.752722832997984
0.747571626713156
0.749356049067038
0.73908398326528
0.75211149971595
0.745351256193917
0.752055301911457
0.754926197814498
0.74769535723648
0.751404011371441
0.750878612416361
0.752414976171999
0.753994082596651
0.749124981797728
0.742203473352114
