0.229613214957235
0.302019392305926
0.285284594414193
0.234107324825114
0.254742921486002
0.265014783547477
0.244601775675905
0.263824895051095
0.231478250628279
0.272351902588066
0.298537038016951
0.285783420972331
0.283420228120008
0.257555706909936
0.318388574030144
0.279863432309765
0.254472024549165
0.322956318543762
0.271183232210578
0.226470553303223
0.238903267036905
0.284514043349016
0.249906709035524
0.266681725668443
0.230433124397335
0.272357412315758
0.243831240982452
0.250107600888338
0.2408521376838
0.252657120906604
0.200449772807299
0.239497692821109
0.277667880249122
0.295747216437334
0.284850487521413
