0.843014355100032
0.795294778528787
0.841646313163389
0.87855688169126
0.828644586913116
0.832480062057537
0.846979871670993
0.836692200523308
0.850314450181794
0.777602610642595
0.783002377831904
0.826248837052608
0.812172250343972
0.790029782579429
0.878164474672986
0.774896931849437
0.84372414800792
0.802576792477166
0.87375640842118
0.833405402031039
0.82172822941485
0.792780240030229
0.87968906451106
0.795842725483938
0.858306303248517
0.836120257261644
0.823269431882124
0.850083682489623
0.869384254531912
0.832911498022237
0.83265572380495
0.819456892115655
0.883120461234426
0.824166995570991
0.824603463849959
