0.852586902275575
0.85186607070669
0.851014443240502
0.85956252467613
0.849670655271616
0.853566721952248
0.858805990768566
0.860597635924055
0.849766377628602
0.860949472464582
0.859150482188765
0.852305445994919
0.855051459846133
0.861316886894572
0.855323323151459
0.853705581553375
0.863830324671008
0.852885845552341
0.860031542631403
0.863804204022047
0.863531143775178
0.851736868806668
0.85689556599888
0.855398163465917
0.851110803678882
0.855076311802385
0.851516428664451
0.861226776510893
0.855775252782863
0.862277799975752
0.860037189716797
0.862409370404001
0.853058953093369
0.858815799747614
0.854995366641925
