0.705938496343611
0.68973337318803
0.698808923421244
0.688709618881422
0.705879719316625
0.708890036826063
0.696045880109259
0.696330889461898
0.69768812224606
0.678985875440914
0.688711257535659
0.698531022661148
0.704664974334807
0.714967402878294
0.701428405800715
0.709837186774456
0.695230586560778
0.694994128050341
0.712091527475959
0.699016946766467
0.697617206874845
0.700060484372512
0.707499389882684
0.722590238746132
0.710734275597712
0.706331021880525
0.699209150216853
0.735538079353485
0.703630123246467
0.683204988859801
0.718463201983081
0.702739705090705
0.712076822373922
0.691780398509861
0.709831273448217
