0.817316418111689
0.823697752486584
0.821888157898839
0.820337292672675
0.819915156853894
0.823092068538385
0.82415233541241
0.817709002186947
0.81652870018965
0.819464689633903
0.816068244031164
0.81385525614625
0.81022847236747
0.819078172665662
0.827391606060836
0.820771749716648
0.812674145207043
0.819703108499147
0.823686846764727
0.825951621871338
0.823088657321916
0.818395863107059
0.82387931246387
0.82032756536313
0.82256104426921
0.81211906038732
0.8151648020912
0.816239280358666
0.819170725569596
0.806987744656693
0.819452565616033
0.81751676459572
0.818598800156106
0.826033800531845
0.823923325879446
