0.0109848789819208
0.00419257119096977
0.00254379506101569
0
0.00180843621574901
0.000173256687972524
0.0334019503325055
0.0117303924076936
0.00693307609634283
0.0300577628448839
0.00739595719137388
0
0.00368922419157608
0.00833426604281846
0
0
0
0.00151056019115994
0.0031134478043017
0
0
0.00149643265336574
0.0038586346339967
0.0321234810031813
0
0.00726946000710109
0.00415490914765572
0
0.000243827925056707
0.00520521735194576
0.0263329411400521
0.00307964409498127
0.00750946243274913
0
0.0256569785134904
