0.575111858140497
0.574178823458924
0.573841581432168
0.574676693037296
0.574370399672632
0.575244620873493
0.573720129275444
0.57560251061366
0.574584882965119
0.573944218737658
0.574463488861929
0.573411513201218
0.574371137420218
0.574675071094263
0.574151356782098
0.575844222087803
0.572441026576368
0.575197400906825
0.571223115471242
0.573969054410016
0.574992250771906
0.572461928865417
0.574453901491076
0.574776579552899
0.575073883758754
0.575357133276712
0.574337894310109
0.574499142658178
0.572313827748317
0.574244156541394
0.57507412387896
0.574922703328382
0.575350090462332
0.575529119735348
0.573735378972945
