0.864584349339679
0.872485487483938
0.812998042931818
0.861213682608916
0.928076374621742
0.965602058951406
0.89553256761774
0.895155245443104
0.892372473225217
0.889648340746961
0.894603144149271
0.871334962595346
0.867830503695707
0.873640438951664
0.905292079016122
0.906511909058661
0.946476501343891
0.897113433488119
0.898130199377304
0.901787762604096
0.802894609372871
0.918769311614188
0.918132068436941
0.899676928042378
0.912248559821388
0.917051318813618
0.9305600730617
0.915425292266301
0.871438749403613
0.877837982159859
0.914431590405839
0.885084489433964
0.917759808801714
0.863060915470011
0.886665843054927
