0.814497746953836
0.807439619281499
0.813985315934384
0.813369223986059
0.81454349201708
0.814440582052039
0.818469402626218
0.808637108683829
0.816689545336688
0.817705523923946
0.815098292555772
0.813785811015062
0.818783833995178
0.807213068472897
0.812505966314444
0.817753347893546
0.815993545582233
0.810085392471588
0.816692501190168
0.809076598015217
0.813386136392182
0.818847880586157
0.81343330550763
0.810686516308152
0.809066988179945
0.816340553107691
0.805929262500798
0.812200796121089
0.817038699064846
0.817774326421115
0.816217161151668
0.81107427501304
0.814497095826893
0.813141398739314
0.811875855026559
