0.970946936724826
0.965420752507276
0.977125542546338
0.974689746673676
0.971287853013285
0.974466665689182
0.957985880153933
0.959487957682687
0.973278275970749
0.979085931565319
0.970323954792747
0.97111760011578
0.974540971553634
0.971790456287086
0.976933483394893
0.967113445308951
0.974873836566259
0.975064849917398
0.973963614200949
0.974762673434478
0.975608453354329
0.97707281012532
0.969694619467853
0.975425952979781
0.972289097130599
0.974324351139521
0.957583701815955
0.971828909520354
0.96567563234797
0.97229271054159
0.963488187265188
0.956027218361624
0.975404784355129
0.971417949087212
0.962980691096707
