0.239054
0.211760
0.238373
0.227342
0.243773
0.228127
0.242941
0.220807
0.252585
0.244219
0.222390
0.242427
0.200652
0.231207
0.234754
0.204925
0.236785
0.236713
0.244972
0.232150
0.232734
0.249602
0.223422
0.218923
0.224589
0.232545
0.222728
0.245381
0.230300
0.220910
0.239086
0.235691
0.237984
0.245330
0.204889
0.118649
0.126809
0.119383
0.141393
0.125863
0.122202
0.157739
0.161014
0.142172
0.158680
0.120881
0.130538
0.157691
0.120893
0.121739
0.162998
0.164168
0.128600
0.153985
0.147999
0.119375
0.123873
0.155392
0.115913
0.114154
0.119099
0.168367
0.156129
0.159631
0.157181
0.119214
0.154718
0.129063
0.144131
0.115747
0.271687
0.263482
0.265551
0.273596
0.273880
0.260794
0.267430
0.269574
0.257567
0.264147
0.270401
0.265376
0.269890
0.272337
0.260739
0.263517
0.265820
0.267185
0.267802
0.273784
0.259343
0.261615
0.267374
0.257095
0.265079
0.273156
0.276171
0.263292
0.263828
0.268689
0.261508
0.274479
0.261758
0.265332
0.277730
0.282478
0.291478
0.284942
0.279989
0.284432
0.287690
0.297493
0.289734
0.292692
0.289375
0.289869
0.291377
0.295823
0.290381
0.294043
0.298233
0.294408
0.287974
0.286973
0.294461
0.295388
0.288942
0.290750
0.287973
0.291628
0.289211
0.301000
0.281144
0.295047
0.281909
0.290523
0.281006
0.288482
0.290665
0.287491
0.507352
0.519120
0.510587
0.514159
0.523778
0.521461
0.508849
0.522972
0.513319
0.510784
0.514834
0.509004
0.516500
0.522708
0.525410
0.509361
0.521237
0.518471
0.513425
0.507725
0.514158
0.509781
0.518497
0.513768
0.504680
0.513764
0.508683
0.513599
0.508494
0.514291
0.504432
0.522647
0.519973
0.511147
0.509256
0.493816
0.480821
0.462426
0.489074
0.492631
0.490481
0.497719
0.493869
0.494031
0.493765
0.501917
0.487726
0.498252
0.498308
0.485807
0.490093
0.495675
0.495637
0.489890
0.497890
0.491198
0.488265
0.482595
0.489007
0.488194
0.490899
0.476110
0.498381
0.498777
0.476573
0.491181
0.489479
0.490633
0.488343
0.494609
0.306491
0.312714
0.292167
0.297334
0.302387
0.296744
0.299818
0.284918
0.290733
0.294207
0.301084
0.317323
0.290997
0.308860
0.304165
0.282879
0.301933
0.302361
0.303500
0.290111
0.305743
0.286046
0.299253
0.311380
0.298103
0.302053
0.294132
0.286816
0.297500
0.296164
0.302171
0.312892
0.296491
0.293145
0.289612
