0.267987
0.164133
0.176910
0.214855
0.164676
0.211984
0.271624
0.221935
0.212073
0.181438
0.210259
0.231489
0.171192
0.187005
0.251899
0.249860
0.255878
0.217505
0.240554
0.219412
0.186271
0.172669
0.182434
0.175812
0.183284
0.186814
0.248500
0.245494
0.186579
0.288691
0.176454
0.266438
0.218689
0.205657
0.180056
0.206895
0.136314
0.197915
0.163379
0.179425
0.171014
0.180473
0.147740
0.170877
0.200557
0.180192
0.239526
0.201858
0.180677
0.096867
0.205773
0.146121
0.193381
0.185669
0.176455
0.193736
0.178629
0.171312
0.229627
0.245721
0.164446
0.239932
0.158661
0.172457
0.208659
0.196355
0.128973
0.175883
0.162277
0.152813
0.377649
0.369728
0.333353
0.337974
0.364259
0.368029
0.390346
0.370971
0.360383
0.376643
0.362635
0.365936
0.385101
0.348218
0.310168
0.362720
0.381929
0.371442
0.370806
0.363338
0.372160
0.388330
0.357631
0.384206
0.381556
0.379013
0.394316
0.400012
0.341692
0.369243
0.376070
0.345029
0.388233
0.367784
0.353954
0.318010
0.344407
0.345145
0.323713
0.315635
0.361564
0.358044
0.343106
0.334046
0.350332
0.367928
0.348906
0.362052
0.325302
0.354334
0.365838
0.373420
0.364562
0.359715
0.368861
0.315469
0.365742
0.372254
0.361961
0.347363
0.339811
0.330833
0.374076
0.341940
0.352437
0.371562
0.359626
0.329627
0.330767
0.366840
0.490493
0.490047
0.494433
0.483079
0.485307
0.492143
0.501526
0.486180
0.488278
0.492014
0.479868
0.486801
0.496678
0.499887
0.493284
0.490346
0.491798
0.493233
0.471057
0.488579
0.450097
0.491264
0.488525
0.475892
0.492952
0.470253
0.492742
0.488231
0.495969
0.495372
0.478366
0.496009
0.494868
0.492022
0.496929
0.456588
0.472573
0.479107
0.464727
0.459351
0.459807
0.462886
0.405181
0.468171
0.453424
0.448614
0.468784
0.466817
0.471117
0.444974
0.474636
0.459005
0.419523
0.449474
0.469661
0.428873
0.466656
0.458474
0.466197
0.460438
0.471405
0.442219
0.457551
0.435903
0.460286
0.459655
0.444858
0.467100
0.459148
0.460259
0.375178
0.376979
0.377821
0.368384
0.382596
0.379080
0.383800
0.366282
0.379722
0.382084
0.379524
0.378694
0.369329
0.378889
0.376862
0.381224
0.380178
0.365574
0.371443
0.375142
0.368484
0.370990
0.378829
0.383490
0.365663
0.375993
0.388713
0.377637
0.374801
0.378262
0.368045
0.383031
0.372991
0.379489
0.370387
