0.179452
0.198643
0.156644
0.192193
0.200952
0.191272
0.196322
0.196555
0.178663
0.169552
0.201064
0.175155
0.194268
0.187569
0.195511
0.205488
0.189660
0.195792
0.173509
0.201489
0.192886
0.174063
0.186251
0.170712
0.177578
0.191226
0.175946
0.166496
0.214432
0.172243
0.168140
0.185992
0.201887
0.163714
0.195646
0.002019
0.001970
0.001988
0.002165
0.001960
0.002352
0.001857
0.001737
0.002269
0.001925
0.001614
0.002148
0.002649
0.001904
0.002216
0.001928
0.002053
0.002215
0.002194
0.002039
0.002289
0.002606
0.002049
0.002481
0.001912
0.001905
0.002015
0.002074
0.001609
0.001683
0.001772
0.001495
0.002141
0.002121
0.001976
0.038971
0.036039
0.038227
0.037074
0.034512
0.042493
0.036423
0.031363
0.041359
0.039768
0.036658
0.031614
0.037998
0.039941
0.026269
0.029582
0.029897
0.036027
0.033882
0.036769
0.032462
0.030685
0.036768
0.042894
0.032147
0.038926
0.033363
0.031198
0.033878
0.035089
0.030824
0.033986
0.036092
0.035671
0.035659
0.078578
0.064491
0.066506
0.066141
0.071153
0.063416
0.067506
0.070251
0.066228
0.074514
0.064584
0.066853
0.065930
0.075234
0.071963
0.066874
0.068776
0.061031
0.058822
0.071573
0.065867
0.062854
0.061368
0.077972
0.065813
0.059599
0.071228
0.062893
0.071109
0.067643
0.058819
0.065257
0.063156
0.066777
0.062799
0.328071
0.303122
0.301547
0.369261
0.331772
0.334773
0.302110
0.343004
0.323852
0.352227
0.327585
0.314543
0.309311
0.308071
0.316262
0.330556
0.352136
0.318760
0.338518
0.324643
0.368544
0.322287
0.345026
0.299942
0.315539
0.322363
0.355993
0.307757
0.333947
0.329490
0.302751
0.309971
0.315553
0.302644
0.322762
0.288667
0.244781
0.296355
0.263303
0.306289
0.325457
0.278627
0.286725
0.285675
0.306423
0.300082
0.330066
0.276589
0.283060
0.269002
0.256494
0.304624
0.302611
0.267217
0.304018
0.258256
0.280800
0.281020
0.283895
0.317240
0.268600
0.266875
0.282705
0.320566
0.275043
0.271465
0.258287
0.292881
0.292954
0.249862
0.034097
0.037410
0.028550
0.039121
0.037159
0.043569
0.023205
0.026631
0.034118
0.035211
0.031355
0.035694
0.035099
0.030430
0.033762
0.026160
0.027958
0.031515
0.029959
0.030632
0.034073
0.034773
0.031831
0.035644
0.037278
0.031032
0.032905
0.027255
0.027830
0.032851
0.032806
0.037049
0.035881
0.034569
0.033824
