0.109217
0.154279
0.270298
0.231099
0.200840
0.195412
0.226383
0.169380
0.264896
0.225874
0.193340
0.165190
0.251274
0.226989
0.171365
0.127975
0.197094
0.136357
0.175460
0.178556
0.180539
0.223586
0.124651
0.182197
0.174649
0.224900
0.186565
0.225858
0.153004
0.210436
0.247793
0.146752
0.149003
0.194477
0.234159
0.174008
0.232097
0.154537
0.211985
0.201494
0.226417
0.200654
0.113917
0.225051
0.276808
0.204420
0.184457
0.198819
0.183705
0.185628
0.247800
0.215326
0.195273
0.196104
0.227814
0.211211
0.184921
0.227416
0.139724
0.191678
0.198801
0.269078
0.185520
0.168744
0.171886
0.213215
0.208557
0.210525
0.176985
0.189406
0.380004
0.362026
0.375315
0.389947
0.395626
0.384511
0.383834
0.364151
0.386944
0.385059
0.392067
0.380687
0.392259
0.384670
0.371006
0.389928
0.389019
0.390599
0.387148
0.372082
0.387196
0.384838
0.398299
0.307962
0.388168
0.382777
0.393616
0.388692
0.371210
0.377867
0.398062
0.379225
0.364544
0.392676
0.390699
0.376504
0.364522
0.377387
0.373578
0.376606
0.371677
0.383935
0.365228
0.376626
0.378487
0.350735
0.380371
0.385644
0.378155
0.377694
0.375378
0.387777
0.382357
0.379015
0.380222
0.384784
0.377848
0.378432
0.380955
0.383508
0.375134
0.382663
0.373072
0.368375
0.374214
0.379903
0.379548
0.377280
0.374411
0.362536
0.420012
0.437781
0.431624
0.439124
0.438060
0.441761
0.427325
0.437433
0.431583
0.435248
0.441986
0.431166
0.436860
0.440513
0.436075
0.441079
0.431183
0.417750
0.427020
0.438731
0.429993
0.440528
0.437049
0.428739
0.435573
0.433663
0.428849
0.434252
0.438617
0.433203
0.438668
0.433743
0.439292
0.432110
0.435028
0.422853
0.416834
0.412814
0.416711
0.410582
0.421110
0.413573
0.422444
0.412130
0.403701
0.411780
0.416447
0.412039
0.364477
0.421414
0.422282
0.416281
0.414020
0.415278
0.425240
0.417104
0.410108
0.415877
0.417679
0.416074
0.416783
0.415819
0.420645
0.416979
0.408568
0.411219
0.409677
0.419927
0.411457
0.403541
0.385774
0.382379
0.380797
0.383379
0.378837
0.377680
0.384188
0.380402
0.382624
0.381398
0.386601
0.384610
0.384147
0.384416
0.383286
0.380254
0.382285
0.386050
0.384168
0.379456
0.380808
0.385331
0.382258
0.381722
0.386186
0.382024
0.381961
0.384158
0.382805
0.380025
0.383610
0.382430
0.382866
0.382035
0.381828
