0.400017
0.392221
0.390463
0.391921
0.394183
0.392870
0.395528
0.391414
0.400894
0.391819
0.398621
0.381303
0.388910
0.387820
0.387207
0.388305
0.391568
0.390662
0.389362
0.384538
0.390509
0.391942
0.392824
0.395148
0.381748
0.389234
0.392060
0.388977
0.392640
0.388065
0.388802
0.388426
0.386010
0.388795
0.386768
0.402862
0.399189
0.406007
0.404119
0.407776
0.407037
0.403730
0.401463
0.407141
0.404401
0.408087
0.404481
0.404925
0.408780
0.407389
0.402309
0.405953
0.400498
0.405971
0.402584
0.401343
0.401618
0.407133
0.404950
0.406114
0.405245
0.404069
0.410831
0.401847
0.406285
0.408680
0.404135
0.408773
0.412466
0.406198
0.416880
0.415468
0.416507
0.415022
0.422973
0.423159
0.418310
0.416301
0.419986
0.421965
0.421010
0.416651
0.417317
0.420293
0.419928
0.419009
0.418818
0.414831
0.417586
0.415629
0.419491
0.414821
0.420057
0.417527
0.415933
0.420363
0.415771
0.420710
0.419972
0.418093
0.421887
0.414347
0.419665
0.419199
0.421246
0.418607
0.418029
0.417951
0.419937
0.418258
0.419644
0.415046
0.419376
0.419134
0.420818
0.420496
0.420431
0.420409
0.417703
0.417899
0.419450
0.418769
0.417567
0.419031
0.418645
0.416899
0.417490
0.415771
0.417404
0.418516
0.415212
0.417248
0.421431
0.419630
0.415282
0.420412
0.417213
0.418843
0.422486
0.417371
0.442354
0.439840
0.438355
0.438154
0.440592
0.439245
0.439269
0.441269
0.443765
0.441631
0.440074
0.443259
0.443723
0.443099
0.439931
0.440891
0.436560
0.442163
0.438496
0.441037
0.441391
0.439397
0.440366
0.438942
0.437340
0.437280
0.438227
0.441669
0.442190
0.444412
0.441061
0.441115
0.441046
0.441437
0.441794
0.436535
0.434444
0.431587
0.434065
0.434977
0.433665
0.432857
0.434129
0.437335
0.433318
0.434752
0.436516
0.436995
0.434024
0.433973
0.435498
0.432428
0.436795
0.433302
0.437172
0.435556
0.433477
0.437145
0.430242
0.431916
0.433111
0.432681
0.433370
0.436460
0.436761
0.434520
0.434262
0.435730
0.437108
0.436306
0.431484
0.434021
0.428555
0.429620
0.432462
0.431369
0.429560
0.432523
0.433390
0.433414
0.430973
0.431866
0.432391
0.432709
0.431843
0.431982
0.430027
0.431405
0.431093
0.433175
0.432659
0.431858
0.433566
0.428593
0.430017
0.429829
0.428957
0.435458
0.433163
0.432178
0.431878
0.429755
0.431235
0.433194
0.432444
