0.405648
0.406498
0.407368
0.400265
0.410420
0.428537
0.409549
0.405553
0.418729
0.408530
0.410170
0.415591
0.404101
0.410908
0.420199
0.413251
0.409616
0.411206
0.410197
0.415003
0.414907
0.416120
0.408554
0.412333
0.403248
0.410151
0.399608
0.396604
0.419867
0.387673
0.412817
0.414449
0.412289
0.405512
0.414107
0.474863
0.470213
0.478597
0.466063
0.473127
0.471636
0.471079
0.479220
0.461360
0.475863
0.474934
0.471940
0.467983
0.476027
0.474606
0.482519
0.474686
0.466470
0.471070
0.479470
0.478870
0.476287
0.472161
0.474723
0.471457
0.471197
0.482185
0.484573
0.475178
0.470252
0.472445
0.474949
0.475920
0.480091
0.475125
0.493576
0.493741
0.491684
0.496876
0.491064
0.488658
0.494448
0.494372
0.494469
0.492541
0.491105
0.495851
0.495406
0.495766
0.489658
0.497900
0.485269
0.498612
0.497621
0.487783
0.489713
0.488613
0.488600
0.492595
0.492805
0.488836
0.490144
0.493624
0.494620
0.493127
0.489787
0.490326
0.492681
0.491449
0.490872
0.462179
0.459950
0.454741
0.452507
0.453785
0.458413
0.456072
0.457326
0.458046
0.458264
0.455905
0.451570
0.455627
0.457278
0.454540
0.452934
0.454631
0.461233
0.455425
0.457562
0.460412
0.457414
0.458638
0.453377
0.457631
0.457187
0.459700
0.457559
0.458461
0.456897
0.456982
0.457818
0.458415
0.457363
0.456036
0.599719
0.607782
0.595935
0.608829
0.599513
0.611501
0.603520
0.603260
0.603215
0.609923
0.602949
0.609174
0.603289
0.606514
0.612665
0.606619
0.605884
0.605867
0.604829
0.594511
0.598278
0.601121
0.608595
0.600013
0.609036
0.596824
0.611502
0.597711
0.616642
0.599805
0.609508
0.604878
0.597709
0.601877
0.601875
0.547612
0.549433
0.543164
0.538657
0.547227
0.547360
0.545392
0.543668
0.541925
0.548873
0.542027
0.554325
0.545494
0.546637
0.547557
0.548421
0.549439
0.541801
0.548176
0.539856
0.541224
0.551278
0.544781
0.542751
0.539231
0.546384
0.553043
0.539577
0.542113
0.539754
0.546837
0.548066
0.543455
0.541428
0.545646
0.526025
0.524872
0.535638
0.525607
0.516845
0.524409
0.518983
0.517902
0.529771
0.517141
0.524048
0.512548
0.522627
0.522726
0.531856
0.512877
0.520766
0.512794
0.519374
0.515106
0.521029
0.542831
0.512345
0.522361
0.532301
0.531878
0.516803
0.517523
0.533260
0.514094
0.534068
0.511419
0.519927
0.521814
0.519766
