0.424684
0.426347
0.440918
0.421972
0.436378
0.410898
0.416304
0.407644
0.442431
0.449250
0.369874
0.383741
0.406836
0.431433
0.411065
0.363657
0.394261
0.413096
0.427748
0.390611
0.374261
0.433138
0.415657
0.384352
0.388149
0.430964
0.402262
0.442350
0.432873
0.371101
0.421053
0.414946
0.436927
0.433126
0.442641
0.404275
0.417365
0.409995
0.413642
0.410600
0.413559
0.421568
0.417854
0.413489
0.413354
0.417295
0.417551
0.412340
0.414253
0.404652
0.415245
0.408169
0.415589
0.421054
0.421454
0.413751
0.415450
0.425798
0.419131
0.401500
0.411824
0.420325
0.420874
0.416125
0.416058
0.421439
0.424515
0.406689
0.412856
0.415927
0.444002
0.446910
0.434928
0.445301
0.445860
0.446898
0.448212
0.449839
0.449922
0.453897
0.449070
0.443937
0.456028
0.445291
0.447854
0.451803
0.457830
0.438655
0.449363
0.457279
0.440256
0.444279
0.452474
0.450033
0.438923
0.444713
0.456260
0.456291
0.450504
0.452652
0.446936
0.462233
0.436538
0.451617
0.454317
0.440005
0.427939
0.433968
0.446043
0.453696
0.439161
0.437264
0.446038
0.432082
0.451376
0.437614
0.448682
0.442788
0.435179
0.443300
0.450637
0.444878
0.433745
0.442962
0.445910
0.430925
0.447025
0.436723
0.438577
0.433988
0.440889
0.438832
0.449307
0.452141
0.445240
0.435023
0.439069
0.441130
0.448356
0.436746
0.499146
0.500961
0.500186
0.497226
0.497878
0.501291
0.501423
0.502608
0.502036
0.497091
0.499588
0.497163
0.501105
0.502840
0.496468
0.496751
0.499551
0.498283
0.498967
0.498803
0.502804
0.499949
0.495807
0.499792
0.500861
0.502674
0.502059
0.500898
0.495415
0.499881
0.495104
0.494309
0.493957
0.493597
0.498299
0.497425
0.495823
0.494704
0.492735
0.493383
0.497509
0.492982
0.498167
0.498365
0.498699
0.497986
0.492960
0.498189
0.500699
0.494330
0.493754
0.494961
0.494341
0.495026
0.494613
0.498213
0.496609
0.494304
0.497892
0.493578
0.498363
0.494784
0.498294
0.496262
0.496659
0.489971
0.491309
0.491786
0.495240
0.496271
0.469006
0.470616
0.470513
0.470450
0.467363
0.467477
0.470127
0.474405
0.472953
0.478328
0.475379
0.476523
0.475115
0.473205
0.468180
0.477121
0.479782
0.470659
0.478340
0.476080
0.461222
0.469887
0.476111
0.472179
0.472195
0.474219
0.476550
0.474310
0.471384
0.477849
0.473673
0.477769
0.469423
0.474521
0.473604
