0.411309
0.392994
0.391352
0.391921
0.395026
0.392870
0.395477
0.391414
0.404635
0.393215
0.402122
0.381303
0.388910
0.390678
0.387207
0.390363
0.391568
0.391387
0.389362
0.384538
0.391075
0.392740
0.392824
0.396824
0.381748
0.389470
0.394306
0.388977
0.392640
0.388065
0.388802
0.395015
0.388166
0.392801
0.386768
0.402912
0.399846
0.406682
0.404244
0.408367
0.407456
0.404072
0.402789
0.407943
0.403840
0.408310
0.404574
0.405179
0.409599
0.408372
0.402757
0.406738
0.401649
0.407132
0.402584
0.401906
0.401551
0.408328
0.405515
0.407198
0.405204
0.403924
0.411497
0.402450
0.406991
0.409142
0.404957
0.411716
0.414190
0.406564
0.419229
0.418416
0.418997
0.417157
0.425787
0.428489
0.420243
0.417701
0.423359
0.424114
0.423393
0.417432
0.419025
0.422038
0.422800
0.423148
0.423345
0.416191
0.419526
0.416310
0.422796
0.417286
0.421891
0.421669
0.418071
0.425141
0.417709
0.424413
0.422949
0.419321
0.423893
0.417388
0.422627
0.420752
0.422403
0.419350
0.420919
0.421569
0.423783
0.420356
0.423722
0.417362
0.419623
0.422798
0.423844
0.420133
0.423452
0.422022
0.419026
0.422544
0.425208
0.421785
0.418238
0.421049
0.420510
0.418347
0.420017
0.418574
0.418946
0.419728
0.418236
0.419230
0.422760
0.422162
0.416848
0.423497
0.420196
0.421458
0.425549
0.418371
0.453869
0.448911
0.446392
0.449447
0.449738
0.446030
0.446445
0.452272
0.451139
0.449209
0.447329
0.455797
0.451361
0.450936
0.449070
0.450349
0.445403
0.449831
0.447805
0.452364
0.448940
0.450617
0.451424
0.447992
0.447079
0.446672
0.448193
0.450249
0.449281
0.452875
0.450633
0.448075
0.448236
0.451798
0.449271
0.444560
0.443509
0.441533
0.444055
0.443394
0.442019
0.441269
0.441405
0.444777
0.440933
0.441172
0.446959
0.444965
0.445053
0.442235
0.443776
0.440020
0.444064
0.441619
0.446528
0.442923
0.443922
0.445411
0.439404
0.439219
0.443629
0.441998
0.441615
0.443240
0.444881
0.445042
0.442141
0.443638
0.447816
0.446106
0.438262
0.441075
0.435016
0.438267
0.438971
0.436521
0.434443
0.438837
0.439516
0.437001
0.435472
0.438688
0.439652
0.438813
0.436848
0.439337
0.434835
0.438028
0.437429
0.439515
0.438992
0.437147
0.439753
0.436245
0.435264
0.435750
0.437078
0.440695
0.439349
0.437809
0.438970
0.435625
0.437581
0.438851
0.437491
