0.396754
0.390131
0.387931
0.391921
0.394183
0.390076
0.392527
0.391414
0.391219
0.391819
0.391315
0.381303
0.388910
0.387820
0.379821
0.385367
0.391568
0.390662
0.387876
0.383692
0.390509
0.391942
0.387319
0.394078
0.381748
0.389234
0.391528
0.388977
0.390107
0.388065
0.388802
0.385909
0.385013
0.386793
0.386768
0.402452
0.398725
0.404604
0.403123
0.406805
0.406554
0.403098
0.400967
0.407272
0.403623
0.406937
0.404740
0.403564
0.407101
0.405846
0.401558
0.406129
0.399413
0.404407
0.401981
0.401243
0.399934
0.406457
0.405084
0.406159
0.402945
0.402778
0.408815
0.403753
0.403676
0.407193
0.404145
0.407156
0.407624
0.404919
0.415237
0.414244
0.412107
0.412663
0.417548
0.418507
0.414231
0.412833
0.415986
0.416938
0.416606
0.413837
0.412479
0.416262
0.415130
0.415372
0.414763
0.412774
0.412879
0.413252
0.413803
0.412257
0.414786
0.414988
0.412603
0.416453
0.410805
0.416662
0.414971
0.413919
0.417803
0.412100
0.414986
0.414217
0.415052
0.416091
0.415271
0.414495
0.415812
0.415535
0.416504
0.412221
0.414422
0.416779
0.415831
0.416363
0.416274
0.416297
0.414379
0.415373
0.416361
0.415637
0.415105
0.415581
0.415158
0.412715
0.415077
0.410965
0.412672
0.414923
0.412661
0.413185
0.417534
0.417573
0.413164
0.416741
0.413964
0.415982
0.417889
0.413447
0.431554
0.432366
0.430099
0.428307
0.433606
0.430714
0.429910
0.432900
0.432444
0.432935
0.431611
0.432103
0.432359
0.433574
0.429100
0.430534
0.428975
0.433154
0.430868
0.434549
0.431630
0.430630
0.431721
0.429270
0.428554
0.428938
0.428231
0.431901
0.431896
0.433542
0.432240
0.429503
0.430611
0.433241
0.432220
0.426280
0.426334
0.424668
0.424826
0.427197
0.425251
0.425759
0.426982
0.428997
0.426299
0.426089
0.427077
0.427710
0.428136
0.425210
0.425470
0.422528
0.427614
0.425895
0.428860
0.427764
0.425421
0.427623
0.423581
0.424962
0.424353
0.424406
0.426705
0.426244
0.428499
0.426818
0.425632
0.426161
0.427308
0.426605
0.425388
0.428401
0.421928
0.423882
0.426153
0.423635
0.423867
0.425112
0.424941
0.426731
0.423344
0.425552
0.426106
0.424320
0.423756
0.423961
0.422091
0.424305
0.423830
0.425623
0.426873
0.425307
0.424188
0.421980
0.423434
0.422908
0.422367
0.428440
0.425318
0.424231
0.425245
0.421930
0.424319
0.425222
0.424459
