0.351188
0.365512
0.350597
0.351703
0.382827
0.362473
0.360562
0.354987
0.360285
0.350149
0.341076
0.352999
0.342434
0.350567
0.361089
0.349805
0.360785
0.342096
0.352621
0.341942
0.352714
0.350363
0.340550
0.353836
0.348530
0.353282
0.369496
0.328327
0.368017
0.342625
0.349076
0.337932
0.354782
0.372507
0.345670
0.361960
0.336579
0.186338
0.199250
0.210427
0.195119
0.257399
0.288805
0.210819
0.258252
0.147780
0.212434
0.187559
0.344377
0.240521
0.301089
0.367615
0.166767
0.287168
0.314250
0.344656
0.184035
0.417145
0.318296
0.361590
0.368635
0.242426
0.342491
0.298615
0.373658
0.328209
0.150352
0.349933
0.351709
0.194964
0.468627
0.467495
0.474864
0.479614
0.470562
0.471214
0.479021
0.474193
0.475951
0.471357
0.472461
0.472173
0.475609
0.473571
0.475415
0.481022
0.466277
0.477107
0.479597
0.470483
0.476286
0.473109
0.473294
0.469000
0.469315
0.468567
0.468590
0.469293
0.470938
0.474789
0.476252
0.472839
0.472272
0.469991
0.463161
0.427906
0.430731
0.427943
0.416143
0.421713
0.429686
0.429699
0.422703
0.428553
0.434592
0.424246
0.421618
0.422568
0.425672
0.422916
0.420896
0.431961
0.432187
0.433186
0.427787
0.435162
0.437287
0.435875
0.427753
0.426448
0.431092
0.429624
0.429025
0.434172
0.425572
0.428844
0.429713
0.433741
0.422529
0.431483
0.604007
0.607046
0.607074
0.612969
0.603815
0.606030
0.602970
0.605155
0.607043
0.612756
0.602112
0.601332
0.601084
0.603576
0.604191
0.607228
0.600403
0.604109
0.597799
0.598905
0.595129
0.597753
0.603379
0.600301
0.604179
0.604410
0.606239
0.598085
0.603760
0.602842
0.607344
0.605708
0.597625
0.603615
0.602416
0.553957
0.561304
0.551872
0.546082
0.551536
0.556794
0.557644
0.552577
0.556296
0.560080
0.557453
0.563729
0.555788
0.561361
0.554278
0.554851
0.562393
0.552108
0.561522
0.554789
0.553149
0.566135
0.551816
0.558061
0.555586
0.563694
0.563739
0.549254
0.558989
0.550772
0.555566
0.555418
0.554376
0.559369
0.555150
0.294384
0.288150
0.290659
0.313298
0.311992
0.299361
0.300868
0.296278
0.312977
0.292585
0.295370
0.300264
0.299100
0.304718
0.309541
0.297254
0.306610
0.287959
0.309167
0.295450
0.299401
0.311094
0.279766
0.312002
0.307513
0.318445
0.305026
0.297523
0.304622
0.301840
0.301586
0.309504
0.307090
0.295767
0.301099
