0.402535
0.419627
0.428068
0.411141
0.398350
0.410288
0.414645
0.413975
0.401703
0.423495
0.393206
0.412251
0.407001
0.424409
0.431708
0.423281
0.405217
0.399209
0.398444
0.417602
0.393669
0.426423
0.411774
0.408454
0.409949
0.416300
0.404296
0.391979
0.406983
0.411915
0.406023
0.429126
0.412126
0.417913
0.404389
0.448915
0.443754
0.446717
0.434741
0.451250
0.448218
0.455175
0.442715
0.437692
0.441287
0.449266
0.454339
0.449507
0.454683
0.439457
0.451267
0.451839
0.451314
0.450638
0.445414
0.442317
0.437897
0.443695
0.438473
0.447362
0.438266
0.448830
0.450386
0.437785
0.445014
0.446524
0.455564
0.441293
0.453214
0.451282
0.467702
0.472184
0.459540
0.466265
0.461828
0.463493
0.466651
0.464780
0.469382
0.462565
0.465011
0.468642
0.470784
0.462911
0.458526
0.470144
0.463904
0.471660
0.464274
0.458007
0.467288
0.460169
0.464615
0.462003
0.461328
0.464656
0.465662
0.466565
0.468553
0.460520
0.458270
0.468903
0.460455
0.459502
0.465484
0.452564
0.455368
0.449204
0.448687
0.450662
0.454639
0.458289
0.452085
0.455838
0.451977
0.447423
0.448288
0.448338
0.446651
0.452657
0.451272
0.447503
0.453550
0.448423
0.450060
0.449893
0.446675
0.455829
0.452047
0.450047
0.448684
0.450385
0.451538
0.444314
0.451571
0.449214
0.450004
0.449968
0.455916
0.455298
0.529768
0.523381
0.518654
0.517135
0.525381
0.531709
0.523407
0.518986
0.521444
0.531160
0.521344
0.522301
0.516699
0.523134
0.525999
0.524454
0.526218
0.519111
0.524335
0.523886
0.514589
0.521512
0.521193
0.518438
0.524432
0.520574
0.522938
0.526523
0.524777
0.521110
0.521153
0.522671
0.517936
0.521723
0.525743
0.483000
0.486577
0.482926
0.484462
0.483884
0.488201
0.486538
0.485149
0.490985
0.483702
0.486285
0.488126
0.485939
0.484813
0.491399
0.488583
0.495267
0.485274
0.489176
0.481692
0.482894
0.488747
0.483402
0.484701
0.485683
0.487528
0.490237
0.485751
0.483831
0.487168
0.489140
0.490050
0.487839
0.483270
0.487707
0.482737
0.478077
0.479906
0.483335
0.474396
0.470891
0.472309
0.473161
0.483818
0.480580
0.477636
0.483197
0.482438
0.478796
0.483230
0.477179
0.478022
0.478092
0.481228
0.473790
0.475256
0.485293
0.475094
0.479040
0.474407
0.479983
0.476528
0.479873
0.479388
0.471253
0.479524
0.477573
0.478363
0.480212
0.480040
