0.412026
0.405622
0.417550
0.397928
0.419556
0.429446
0.412970
0.420006
0.421602
0.406713
0.417788
0.418371
0.415886
0.417731
0.405519
0.412768
0.415868
0.419619
0.406410
0.413845
0.416886
0.406401
0.406401
0.424698
0.410515
0.422764
0.387160
0.404505
0.421314
0.409392
0.412652
0.410118
0.396199
0.412987
0.411887
0.468511
0.466469
0.472080
0.460894
0.468347
0.469071
0.467869
0.471671
0.456764
0.465937
0.469048
0.463660
0.461017
0.473732
0.470878
0.480869
0.465744
0.461879
0.467808
0.474902
0.469361
0.470137
0.469312
0.465487
0.469900
0.466226
0.478178
0.484117
0.470691
0.469512
0.463113
0.468607
0.473256
0.474936
0.472301
0.488785
0.490619
0.488550
0.492384
0.484600
0.484745
0.491270
0.488430
0.492313
0.487663
0.482777
0.490450
0.491154
0.489770
0.487411
0.495530
0.483131
0.495385
0.492768
0.481052
0.485784
0.486029
0.481228
0.487356
0.485546
0.483003
0.484169
0.488061
0.484612
0.485039
0.485372
0.488184
0.487409
0.485810
0.482449
0.462421
0.463337
0.460726
0.457729
0.454865
0.460435
0.461818
0.460347
0.462084
0.461602
0.458565
0.459091
0.456105
0.459791
0.461720
0.457707
0.458604
0.462258
0.458878
0.462930
0.461082
0.457544
0.461882
0.457653
0.459382
0.462754
0.462451
0.459354
0.460937
0.464289
0.461592
0.462699
0.463648
0.458173
0.459045
0.591158
0.592686
0.579333
0.586380
0.587542
0.594454
0.584750
0.589790
0.587940
0.597090
0.587647
0.592995
0.584895
0.589893
0.599473
0.592949
0.594391
0.592232
0.586769
0.583532
0.581491
0.583705
0.589341
0.583478
0.589357
0.584718
0.596261
0.584343
0.596831
0.584980
0.595444
0.588135
0.582974
0.585194
0.586045
0.533156
0.536550
0.525540
0.520580
0.526650
0.528987
0.531870
0.528495
0.528417
0.532906
0.526127
0.532780
0.530157
0.529513
0.529267
0.533594
0.535496
0.526977
0.529488
0.527598
0.523429
0.533322
0.525789
0.528221
0.526392
0.529854
0.533673
0.525319
0.525838
0.519237
0.529151
0.529354
0.527417
0.528478
0.530236
0.516185
0.518334
0.516203
0.515892
0.508475
0.509024
0.504055
0.509355
0.520321
0.511877
0.512675
0.505827
0.511099
0.512054
0.526345
0.509494
0.509733
0.506842
0.512801
0.509158
0.509513
0.525898
0.507408
0.513654
0.516381
0.520787
0.506230
0.506519
0.525649
0.502744
0.516301
0.503022
0.512274
0.507935
0.510766
