0.150495
0.156560
0.143603
0.137310
0.128129
0.142156
0.127888
0.128136
0.141449
0.137601
0.152321
0.124544
0.138582
0.144466
0.120792
0.127959
0.130973
0.166340
0.122830
0.134203
0.153660
0.118891
0.135741
0.151979
0.142901
0.131533
0.149903
0.138293
0.151642
0.144629
0.144987
0.144810
0.153615
0.139957
0.152619
0.003718
0.007752
0.013059
0.005544
0.010696
0.032575
0.006330
0.012274
0.008760
0.008117
0.003442
0.015513
0.022997
0.009264
0.011058
0.007339
0.007446
0.005162
0.006009
0.015473
0.008165
0.007810
0.008162
0.009100
0.006573
0.011754
0.011711
0.005710
0.005451
0.013102
0.011006
0.005319
0.004687
0.008133
0.009913
0.077777
0.067638
0.054418
0.066585
0.074244
0.067193
0.068667
0.073954
0.062600
0.069676
0.073609
0.058613
0.068572
0.057180
0.066112
0.071855
0.073190
0.063080
0.069749
0.071824
0.072980
0.066624
0.055900
0.079311
0.061440
0.063094
0.068849
0.068064
0.069901
0.065459
0.070888
0.078404
0.071799
0.076129
0.066612
0.094368
0.084530
0.092360
0.086976
0.094438
0.100599
0.095321
0.093009
0.093125
0.088002
0.087255
0.093356
0.098219
0.097905
0.092750
0.087602
0.088155
0.093724
0.095419
0.094662
0.088925
0.088271
0.083864
0.090097
0.091993
0.085203
0.088084
0.092427
0.078830
0.084848
0.086747
0.097234
0.087374
0.098841
0.092944
0.242334
0.244368
0.235874
0.248116
0.244496
0.239655
0.243869
0.240933
0.230485
0.236347
0.223014
0.237944
0.224584
0.237045
0.250658
0.245268
0.221519
0.235065
0.229714
0.230633
0.233383
0.247129
0.254917
0.234604
0.241473
0.228527
0.247283
0.241531
0.248623
0.241856
0.250166
0.231576
0.258375
0.242120
0.243862
0.210834
0.188242
0.184359
0.182359
0.194496
0.204018
0.176940
0.206784
0.195923
0.192826
0.199682
0.213228
0.197614
0.188288
0.177462
0.183191
0.197323
0.192491
0.182692
0.190673
0.165039
0.162091
0.186046
0.181196
0.189598
0.170062
0.198688
0.197039
0.194599
0.184005
0.186069
0.186533
0.181906
0.203218
0.183273
0.063952
0.064191
0.057299
0.056398
0.065959
0.079282
0.062183
0.071115
0.061456
0.062861
0.067550
0.055203
0.068076
0.059469
0.059159
0.055940
0.065053
0.068506
0.061303
0.057395
0.060966
0.086028
0.060473
0.057329
0.066461
0.062030
0.060965
0.059213
0.060164
0.062374
0.065953
0.062472
0.059681
0.062618
0.074382
