0.363955
0.373790
0.370292
0.396509
0.375087
0.373097
0.375885
0.337387
0.358927
0.371888
0.380089
0.337103
0.369114
0.355350
0.352168
0.363500
0.349844
0.353266
0.380894
0.372746
0.384301
0.395506
0.356654
0.379453
0.361895
0.337453
0.347075
0.357324
0.395656
0.360060
0.372694
0.380707
0.363676
0.371081
0.370881
0.112060
0.106416
0.136557
0.118853
0.129861
0.115088
0.114552
0.097630
0.110436
0.128268
0.133433
0.133926
0.130499
0.116221
0.097938
0.112632
0.127565
0.105538
0.127187
0.164818
0.126380
0.126458
0.125195
0.128742
0.105937
0.111726
0.132022
0.121374
0.139324
0.119247
0.110561
0.097650
0.111055
0.131218
0.106887
0.533428
0.541916
0.549195
0.558644
0.553867
0.555081
0.546081
0.533033
0.526195
0.546202
0.549811
0.540526
0.542067
0.517019
0.503247
0.533893
0.565149
0.550116
0.555707
0.533162
0.564628
0.543126
0.563205
0.555248
0.530904
0.547480
0.545819
0.530792
0.516883
0.557904
0.558637
0.555895
0.560132
0.527097
0.536979
0.295640
0.283085
0.343265
0.266968
0.316440
0.313907
0.394050
0.240985
0.343071
0.332080
0.279012
0.261028
0.263599
0.265364
0.284137
0.314282
0.250278
0.275710
0.304435
0.331767
0.295530
0.297421
0.275344
0.308374
0.350832
0.272162
0.285937
0.289613
0.294532
0.313409
0.256430
0.279619
0.308762
0.340456
0.278900
0.647868
0.647454
0.646388
0.650205
0.642660
0.646260
0.657325
0.653237
0.651037
0.646614
0.645985
0.650759
0.649828
0.652230
0.654811
0.646842
0.647319
0.641710
0.648176
0.650801
0.643693
0.650707
0.650507
0.652807
0.648286
0.657995
0.649120
0.644461
0.646400
0.649619
0.648385
0.649883
0.652472
0.654480
0.646562
0.632726
0.637562
0.636951
0.631624
0.629856
0.643448
0.632939
0.632023
0.636089
0.631330
0.636482
0.630531
0.636435
0.635482
0.636774
0.635736
0.638319
0.636585
0.640087
0.635906
0.631259
0.635355
0.631552
0.635414
0.635245
0.642064
0.631357
0.637015
0.639183
0.635207
0.632029
0.629787
0.635522
0.630210
0.633505
0.222775
0.256912
0.264564
0.230038
0.252768
0.253555
0.249269
0.251618
0.247443
0.246821
0.258615
0.265040
0.261949
0.217342
0.251208
0.256059
0.263752
0.249030
0.265024
0.251354
0.244007
0.259972
0.225881
0.207561
0.247162
0.260524
0.261439
0.258255
0.250953
0.230189
0.253786
0.246455
0.218869
0.258536
0.251856
