0.109217
0.154279
0.270298
0.231099
0.200840
0.195412
0.227795
0.169380
0.264896
0.225874
0.193340
0.165190
0.251274
0.226989
0.171365
0.127975
0.197094
0.136357
0.175460
0.178556
0.180539
0.228171
0.124651
0.182197
0.174649
0.230358
0.186565
0.225858
0.159771
0.210436
0.247793
0.146752
0.156013
0.194477
0.234159
0.174008
0.231973
0.154217
0.217223
0.201494
0.229012
0.211134
0.121249
0.238202
0.281552
0.231353
0.190330
0.198819
0.183705
0.191330
0.257462
0.221758
0.201044
0.196104
0.227814
0.238285
0.190397
0.229574
0.153013
0.203487
0.198801
0.269078
0.185952
0.174996
0.178502
0.224960
0.213859
0.210999
0.183519
0.202097
0.393593
0.367337
0.378803
0.390970
0.401183
0.385770
0.385890
0.366768
0.385829
0.389879
0.398220
0.386301
0.396398
0.383933
0.376094
0.391525
0.391136
0.394314
0.386900
0.372082
0.388106
0.385154
0.399536
0.333250
0.396815
0.382919
0.393939
0.392881
0.374470
0.384190
0.401675
0.381452
0.364940
0.395052
0.391432
0.376504
0.365583
0.378397
0.375076
0.376606
0.371677
0.386517
0.376480
0.376959
0.382235
0.350735
0.380247
0.386484
0.378155
0.379556
0.379583
0.387550
0.383855
0.378512
0.381069
0.385308
0.376464
0.378487
0.384123
0.385407
0.378762
0.382663
0.373072
0.368235
0.376340
0.379394
0.377911
0.377280
0.374411
0.370762
0.443944
0.450136
0.454455
0.447824
0.447642
0.428492
0.447518
0.449376
0.445813
0.448286
0.420207
0.443870
0.448266
0.449994
0.456107
0.449704
0.447571
0.447076
0.446954
0.454437
0.446656
0.446240
0.449378
0.452227
0.451703
0.439669
0.448677
0.451608
0.453353
0.447991
0.446749
0.451713
0.451372
0.440148
0.445162
0.434743
0.427635
0.431341
0.431767
0.424663
0.434318
0.438379
0.436831
0.432406
0.430950
0.427743
0.434914
0.428707
0.423537
0.435427
0.428335
0.426804
0.420493
0.435361
0.436677
0.431573
0.421370
0.429265
0.434174
0.433464
0.429673
0.426335
0.429464
0.427777
0.420429
0.430026
0.426776
0.432379
0.433687
0.433701
0.386902
0.384852
0.380243
0.384080
0.381978
0.378457
0.384188
0.383414
0.383372
0.381993
0.386549
0.385382
0.384147
0.385086
0.383913
0.380254
0.383606
0.386376
0.384107
0.381746
0.381558
0.383844
0.383267
0.381722
0.386100
0.383437
0.383498
0.383433
0.383961
0.380585
0.383610
0.383200
0.382264
0.383909
0.382300
