0.241266
0.223015
0.243251
0.243410
0.239209
0.243999
0.247507
0.223098
0.252881
0.241378
0.221737
0.239018
0.215892
0.236474
0.236823
0.221484
0.235062
0.247033
0.237039
0.222938
0.238392
0.251323
0.232121
0.217576
0.228660
0.233333
0.225716
0.241953
0.229874
0.213948
0.234066
0.232244
0.241367
0.238591
0.229554
0.128672
0.126901
0.125211
0.128210
0.133457
0.124951
0.172279
0.175947
0.122507
0.175197
0.125357
0.130110
0.164743
0.119393
0.126576
0.171094
0.177441
0.131097
0.169490
0.157124
0.132568
0.132652
0.177252
0.128973
0.126474
0.120708
0.173455
0.187057
0.160614
0.182929
0.127804
0.161918
0.131183
0.133156
0.122566
0.288724
0.276619
0.283156
0.285143
0.286379
0.273696
0.275227
0.262453
0.272106
0.271735
0.278551
0.273733
0.280685
0.271812
0.275483
0.270921
0.276497
0.278592
0.288129
0.283365
0.273737
0.277054
0.279928
0.279565
0.272785
0.281722
0.284018
0.278142
0.272171
0.282082
0.279884
0.287731
0.271835
0.273482
0.282248
0.295218
0.299451
0.293184
0.295241
0.296885
0.294589
0.300840
0.299200
0.291267
0.298469
0.295670
0.304038
0.299733
0.300175
0.302557
0.313655
0.303380
0.291146
0.303973
0.302294
0.302553
0.297023
0.304889
0.293830
0.297934
0.302834
0.307946
0.305415
0.304143
0.288077
0.299697
0.291935
0.298809
0.295390
0.295904
0.497489
0.512299
0.505824
0.503496
0.513438
0.504509
0.502021
0.517203
0.502743
0.502408
0.504270
0.504318
0.509890
0.509913
0.510075
0.502170
0.508521
0.508531
0.500845
0.500830
0.516517
0.498381
0.505620
0.505681
0.502505
0.506984
0.504987
0.498751
0.503935
0.507288
0.497460
0.512652
0.510807
0.504755
0.509211
0.492068
0.484245
0.470031
0.489357
0.493708
0.491851
0.490799
0.494754
0.486893
0.485469
0.495150
0.485435
0.497557
0.499174
0.489659
0.489723
0.489179
0.493702
0.491859
0.496495
0.492015
0.488535
0.492086
0.488168
0.486932
0.490022
0.484821
0.490110
0.490723
0.474298
0.484725
0.480312
0.495903
0.481442
0.495763
0.310101
0.315130
0.300840
0.298667
0.315496
0.299031
0.319997
0.301913
0.303971
0.291566
0.317026
0.331307
0.300952
0.331467
0.314325
0.296729
0.327011
0.314122
0.353868
0.308557
0.307875
0.297184
0.301770
0.313159
0.313227
0.308857
0.299607
0.302815
0.302644
0.307782
0.303553
0.409236
0.305371
0.302914
0.308520
