0.119081
0.114516
0.120591
0.130393
0.118050
0.118300
0.121851
0.122566
0.121746
0.138450
0.123201
0.126691
0.114854
0.109760
0.136238
0.131022
0.108392
0.129457
0.120006
0.114470
0.114306
0.122229
0.120852
0.119858
0.115477
0.122597
0.121121
0.125289
0.111961
0.122654
0.126076
0.114108
0.137880
0.116014
0.117406
0.027390
0.030916
0.036583
0.016015
0.031359
0.034170
0.034234
0.026439
0.028413
0.042111
0.023990
0.026148
0.034683
0.032726
0.048282
0.026273
0.031395
0.019231
0.027993
0.026428
0.034323
0.031477
0.031395
0.030021
0.029643
0.024631
0.030031
0.032235
0.034173
0.030624
0.020455
0.042649
0.035340
0.038494
0.016481
0.080108
0.081388
0.077430
0.085825
0.084480
0.082207
0.077639
0.086994
0.088339
0.081132
0.079954
0.079779
0.091121
0.073757
0.077544
0.086283
0.080962
0.091490
0.086139
0.085693
0.093036
0.080800
0.080063
0.081821
0.081607
0.084913
0.084556
0.080006
0.075752
0.075453
0.078682
0.080787
0.085795
0.078348
0.077982
0.104616
0.097310
0.110099
0.111380
0.107761
0.113836
0.104297
0.109153
0.108784
0.109162
0.106401
0.107545
0.104056
0.106689
0.099530
0.105169
0.114160
0.105458
0.106250
0.099717
0.103919
0.102231
0.106322
0.103255
0.114713
0.113692
0.115215
0.107108
0.108918
0.099412
0.108331
0.105713
0.104517
0.112610
0.108608
0.161213
0.168652
0.163816
0.171120
0.166079
0.171405
0.170559
0.166747
0.172566
0.170324
0.163585
0.164575
0.177267
0.163746
0.175121
0.167386
0.157005
0.164213
0.171955
0.171159
0.163100
0.172482
0.163945
0.164602
0.174703
0.162954
0.178959
0.168825
0.169607
0.170764
0.171916
0.161287
0.168644
0.173634
0.162788
0.126043
0.112361
0.122032
0.115100
0.124981
0.120723
0.129309
0.122835
0.134537
0.119773
0.114374
0.122358
0.121124
0.127135
0.127947
0.120808
0.123295
0.118256
0.124964
0.115244
0.118558
0.129218
0.127641
0.123897
0.113843
0.126007
0.125538
0.120379
0.120176
0.132575
0.126691
0.121253
0.138245
0.126438
0.123851
0.144519
0.112776
0.146369
0.121400
0.142903
0.111230
0.133969
0.132503
0.124335
0.144469
0.140633
0.111920
0.131242
0.130410
0.116157
0.131519
0.137788
0.125288
0.132368
0.148354
0.135532
0.117528
0.136203
0.117952
0.124317
0.119938
0.133690
0.113395
0.118952
0.142024
0.138316
0.126484
0.112682
0.139668
0.133596
