0.126412
0.128456
0.133590
0.128818
0.125712
0.122705
0.126128
0.130340
0.119679
0.133696
0.119826
0.126809
0.116704
0.116990
0.135607
0.137197
0.125899
0.125125
0.122972
0.123504
0.123586
0.130736
0.131754
0.126535
0.110575
0.119459
0.129860
0.122772
0.132706
0.135702
0.116913
0.120785
0.131205
0.124925
0.133060
0.030621
0.025699
0.029879
0.016209
0.023874
0.021315
0.031376
0.018892
0.032760
0.042371
0.012596
0.035749
0.026345
0.032217
0.023519
0.029697
0.022249
0.021058
0.022807
0.026525
0.033819
0.026866
0.025702
0.027287
0.022975
0.024411
0.017658
0.026956
0.024034
0.030624
0.025413
0.020337
0.034307
0.021504
0.027195
0.081048
0.083081
0.082664
0.084101
0.076672
0.078524
0.074975
0.084130
0.082046
0.084517
0.089584
0.073011
0.082831
0.082179
0.080829
0.091984
0.082398
0.083913
0.080492
0.090684
0.082691
0.088946
0.081897
0.089093
0.083788
0.088199
0.074014
0.078010
0.075292
0.081855
0.084890
0.082582
0.080865
0.075884
0.081422
0.095261
0.101339
0.103938
0.104037
0.103805
0.103584
0.097761
0.098553
0.097697
0.102251
0.097079
0.095861
0.101025
0.104325
0.097370
0.104075
0.110081
0.102168
0.097419
0.103331
0.097558
0.103227
0.103419
0.101324
0.102094
0.106843
0.107349
0.096420
0.107068
0.098416
0.106364
0.107815
0.103763
0.112277
0.102498
0.160343
0.165262
0.166134
0.161914
0.163186
0.172664
0.169336
0.167909
0.166519
0.160911
0.170813
0.169044
0.166886
0.159831
0.166660
0.162826
0.158055
0.164307
0.173159
0.175516
0.165809
0.170160
0.163138
0.155696
0.168325
0.164356
0.177430
0.160168
0.168437
0.167843
0.162863
0.160471
0.170751
0.170481
0.152873
0.120058
0.111577
0.119023
0.120184
0.121918
0.108381
0.124235
0.118922
0.127535
0.118419
0.112199
0.115917
0.118872
0.124597
0.119270
0.109674
0.123045
0.109638
0.126212
0.112728
0.126022
0.121520
0.120727
0.122154
0.111279
0.123164
0.121747
0.115319
0.119434
0.129439
0.122354
0.113227
0.128732
0.124904
0.122111
0.132238
0.095329
0.123633
0.106220
0.137372
0.098605
0.117332
0.115646
0.113795
0.138033
0.119689
0.103688
0.135309
0.113474
0.120414
0.120225
0.132190
0.118380
0.120061
0.134119
0.115815
0.104248
0.122414
0.112296
0.104243
0.108882
0.132240
0.101615
0.113398
0.128086
0.129659
0.103790
0.113359
0.106774
0.101782
