0.061497
0.050088
0.051958
0.063785
0.053116
0.053284
0.043521
0.045879
0.055750
0.059734
0.046155
0.051190
0.053441
0.059982
0.057372
0.055790
0.061560
0.058105
0.044405
0.047537
0.060873
0.056750
0.044693
0.059403
0.058938
0.066297
0.062315
0.071145
0.047848
0.065277
0.059025
0.039283
0.050626
0.052402
0.077977
0.137227
0.136175
0.132645
0.142245
0.126441
0.140308
0.123902
0.148301
0.118223
0.131066
0.144245
0.127701
0.131754
0.142729
0.129661
0.142168
0.146628
0.141228
0.145795
0.137191
0.130121
0.127592
0.138932
0.117658
0.136326
0.139087
0.124703
0.143786
0.123754
0.121495
0.130623
0.122031
0.128999
0.133792
0.087840
0.041391
0.040037
0.033122
0.046365
0.035747
0.054426
0.027160
0.031671
0.053367
0.060306
0.051769
0.036752
0.035601
0.073576
0.023256
0.026034
0.042334
0.031586
0.106177
0.039029
0.066572
0.043059
0.069075
0.031071
0.029588
0.032194
0.022937
0.081981
0.042627
0.036874
0.066346
0.032665
0.040905
0.028608
0.066824
0.085627
0.091200
0.095620
0.075895
0.067773
0.076927
0.094201
0.066909
0.093959
0.087329
0.097591
0.074596
0.087927
0.085535
0.095544
0.084020
0.088467
0.090670
0.090599
0.086827
0.088097
0.084893
0.092547
0.086030
0.076882
0.078959
0.083535
0.095549
0.085836
0.083339
0.094530
0.083434
0.085460
0.093976
0.090442
0.024475
0.025985
0.020434
0.004099
0.022007
0.010577
0.014525
0.004272
0.023692
0.017349
0.004039
0.008641
0.017181
0.020361
0.003545
0.003550
0.010360
0.004526
0.025259
0.009389
0.004264
0.003547
0.034411
0.003567
0.031028
0.018532
0.003875
0.004660
0.025010
0.009255
0.013623
0.004038
0.034903
0.003397
0.024166
0.002833
0.003215
0.003282
0.003170
0.004315
0.009125
0.009693
0.009325
0.003326
0.009011
0.015816
0.002857
0.014061
0.003239
0.010168
0.009025
0.003025
0.003700
0.013554
0.003226
0.016002
0.002876
0.018268
0.003496
0.013546
0.008501
0.002817
0.003199
0.007764
0.012575
0.003546
0.002936
0.003364
0.003149
0.003603
0.033815
0.032291
0.026171
0.031033
0.023282
0.034275
0.034935
0.031377
0.039658
0.031243
0.027963
0.031461
0.039832
0.026609
0.039643
0.037533
0.017166
0.034002
0.036554
0.036480
0.031115
0.033145
0.027781
0.030342
0.021804
0.026938
0.027521
0.022855
0.028088
0.035707
0.035077
0.030820
0.030047
0.046802
0.022603
