0.000000
0.000000
0.000000
0.000000
0.000000
0.000000
0.000000
0.000000
0.000000
0.000000
0.000000
0.000000
0.000000
0.000000
0.000000
0.000000
0.000000
0.000000
0.000000
0.000000
0.000000
0.000000
0.000000
0.000000
0.000000
0.000000
0.000000
0.000000
0.000000
0.000000
0.000000
0.000000
0.000000
0.000000
0.000000
0.000097
0.000199
0.000560
0.000181
0.000358
0.000279
0.000184
0.000333
0.000575
0.000264
0.001014
0.000106
0.000181
0.000249
0.000284
0.000072
0.000226
0.001306
0.000491
0.000421
0.000104
0.000116
0.000199
0.000357
0.000139
0.000598
0.000229
0.000436
0.000144
0.000166
0.000285
0.000378
0.000125
0.000053
0.000167
0.000738
0.000597
0.000477
0.000439
0.000487
0.000842
0.000453
0.000548
0.000574
0.000484
0.000396
0.000303
0.000765
0.000512
0.000555
0.000471
0.000418
0.000378
0.000492
0.000444
0.000546
0.000521
0.000404
0.000393
0.000488
0.000634
0.000727
0.000566
0.000412
0.000617
0.000630
0.000485
0.000676
0.001370
0.000422
0.026581
0.022341
0.023085
0.019979
0.017718
0.028872
0.020815
0.019363
0.021220
0.023642
0.020636
0.021407
0.013355
0.016471
0.023349
0.024713
0.021665
0.014843
0.021238
0.018285
0.021034
0.018140
0.023276
0.019160
0.020149
0.022894
0.021991
0.020134
0.016993
0.022636
0.026046
0.018654
0.024827
0.019414
0.025091
0.025536
0.067859
0.033946
0.049124
0.131918
0.000003
0.012223
0.038488
0.093055
0.086103
0.033862
0.025665
0.074817
0.026349
0.016935
0.000040
0.024006
0.060899
0.000005
0.035152
0.041899
0.075937
0.000003
0.041900
0.000002
0.035217
0.000003
0.200557
0.000003
0.043987
0.057403
0.000005
0.186626
0.000004
0.097193
0.047559
0.000067
0.034275
0.021182
0.000140
0.000084
0.000025
0.000022
0.000053
0.000056
0.054337
0.013084
0.058771
0.000017
0.076397
0.012422
0.083133
0.028653
0.000018
0.000107
0.000061
0.000099
0.045607
0.000107
0.037313
0.093332
0.013912
0.000080
0.155899
0.004569
0.038336
0.196322
0.021174
0.060938
0.000133
0.000042
0.000048
0.000043
0.000041
0.000037
0.000051
0.000043
0.000047
0.000054
0.000039
0.000047
0.000044
0.000040
0.000075
0.000036
0.000045
0.000047
0.000042
0.000048
0.000055
0.000058
0.000062
0.000059
0.000057
0.000041
0.000047
0.000039
0.000050
0.000042
0.000049
0.000044
0.000045
0.000039
0.000039
0.000044
