0.000000
0.000000
0.000000
0.000000
0.000000
0.000000
0.000000
0.000000
0.000000
0.000000
0.000000
0.000000
0.000000
0.000000
0.000000
0.000000
0.000000
0.000000
0.000122
0.000001
0.000000
0.000000
0.000000
0.000000
0.000000
0.000000
0.000000
0.000000
0.000000
0.000000
0.000000
0.000000
0.000000
0.000000
0.000000
0.000069
0.000169
0.000151
0.000183
0.000519
0.000244
0.000114
0.000291
0.000542
0.000192
0.000096
0.000090
0.000660
0.000314
0.000160
0.000052
0.000220
0.001286
0.000128
0.000205
0.000087
0.000083
0.000162
0.000342
0.000083
0.000569
0.000178
0.000268
0.000106
0.000167
0.000261
0.000051
0.000096
0.000074
0.000097
0.000471
0.000325
0.000373
0.000309
0.000332
0.000703
0.000304
0.000394
0.000438
0.000396
0.000257
0.000239
0.000752
0.000425
0.000468
0.000465
0.000333
0.000290
0.000292
0.000410
0.000374
0.000431
0.000365
0.000315
0.000269
0.000227
0.000678
0.000223
0.000348
0.000495
0.000451
0.000296
0.000656
0.001357
0.000382
0.025934
0.017314
0.019304
0.013708
0.018870
0.021283
0.015482
0.017582
0.019507
0.017835
0.018288
0.019618
0.012795
0.015032
0.022044
0.019991
0.017525
0.013479
0.017394
0.016370
0.017381
0.015452
0.022430
0.017293
0.015805
0.019669
0.018089
0.017559
0.015294
0.020755
0.016832
0.014704
0.021686
0.015515
0.021584
0.039755
0.067956
0.033944
0.049111
0.131917
0.000001
0.012221
0.025923
0.093050
0.086100
0.033862
0.025659
0.077153
0.017758
0.020943
0.000001
0.024002
0.068834
0.000003
0.035150
0.043986
0.076809
0.000001
0.041898
0.000003
0.035134
0.000002
0.200556
0.000001
0.004154
0.057401
0.000002
0.200152
0.000005
0.097189
0.047553
0.000060
0.034267
0.021170
0.000134
0.000077
0.000013
0.000013
0.000049
0.000051
0.054394
0.013070
0.025069
0.000007
0.026779
0.012411
0.083127
0.033994
0.000015
0.000043
0.000033
0.000093
0.045603
0.000099
0.033519
0.066649
0.118004
0.000077
0.147453
0.003459
0.038323
0.166356
0.014267
0.063103
0.000117
0.000016
0.000017
0.000020
0.000023
0.000018
0.000030
0.000016
0.000027
0.000021
0.000031
0.000024
0.000026
0.000017
0.000025
0.000022
0.000017
0.000028
0.000018
0.000026
0.000025
0.000024
0.000026
0.000023
0.000021
0.000020
0.000017
0.000019
0.000019
0.000022
0.000019
0.000026
0.000020
0.000014
0.000022
0.000025
