0.033808
0.028553
0.030770
0.050769
0.048714
0.027780
0.029988
0.032729
0.032466
0.033341
0.031860
0.027591
0.033045
0.039554
0.031532
0.028416
0.041547
0.026738
0.029032
0.039066
0.043787
0.033506
0.033868
0.034000
0.040678
0.036069
0.025465
0.037380
0.041737
0.034791
0.041614
0.034251
0.036726
0.036513
0.027511
0.142683
0.146898
0.136954
0.136006
0.155167
0.140377
0.134099
0.142611
0.139760
0.145023
0.152852
0.149880
0.142128
0.144993
0.142331
0.147253
0.011268
0.135742
0.040566
0.122234
0.140507
0.013718
0.016304
0.137077
0.147227
0.152005
0.142294
0.141995
0.134898
0.138175
0.135568
0.126898
0.144124
0.148910
0.138057
0.032956
0.028326
0.022239
0.025235
0.038768
0.056710
0.037766
0.015367
0.024016
0.019080
0.024621
0.020292
0.017595
0.018131
0.020218
0.037996
0.015225
0.020225
0.017316
0.081564
0.016833
0.027337
0.022263
0.082558
0.025842
0.019495
0.028960
0.095298
0.018779
0.062633
0.019750
0.027360
0.056611
0.046448
0.077546
0.079452
0.075108
0.080924
0.063632
0.061128
0.069926
0.077737
0.072277
0.081433
0.078701
0.080150
0.083978
0.096665
0.068526
0.079136
0.076407
0.073981
0.080106
0.070503
0.084127
0.078679
0.082070
0.088612
0.068775
0.067340
0.085759
0.081466
0.078731
0.079174
0.086495
0.091636
0.081824
0.076134
0.081757
0.070579
0.002263
0.016756
0.002465
0.001768
0.006176
0.007988
0.012407
0.002090
0.003725
0.017975
0.001736
0.001804
0.031952
0.005224
0.001848
0.022458
0.033878
0.031304
0.011839
0.032735
0.001987
0.009434
0.002019
0.001749
0.002539
0.018988
0.015450
0.007532
0.003185
0.003727
0.015067
0.016258
0.001594
0.001623
0.002049
0.001613
0.001463
0.001890
0.001575
0.009523
0.001491
0.001729
0.016372
0.001708
0.001467
0.001831
0.001830
0.001730
0.001644
0.001787
0.008268
0.001930
0.007804
0.001595
0.001732
0.002004
0.001243
0.001798
0.007198
0.007057
0.001663
0.001819
0.001531
0.005640
0.001685
0.002033
0.001815
0.002174
0.001430
0.001468
0.028354
0.028365
0.032337
0.028390
0.030381
0.032549
0.025728
0.025701
0.033293
0.035146
0.028601
0.029799
0.030106
0.029772
0.027796
0.023390
0.028530
0.037907
0.033244
0.024048
0.028862
0.029466
0.025517
0.034652
0.029993
0.025738
0.030284
0.025175
0.033767
0.033306
0.028847
0.029142
0.028584
0.034556
0.024677
