0.129709
0.070481
0.115680
0.084877
0.104819
0.102563
0.092127
0.142027
0.128721
0.092423
0.101061
0.106007
0.105179
0.116552
0.153408
0.080105
0.101039
0.097164
0.119040
0.133472
0.135894
0.150373
0.153826
0.080775
0.119553
0.087274
0.128133
0.121453
0.064399
0.100153
0.143045
0.099102
0.110720
0.126298
0.128012
0.013555
0.014195
0.016571
0.012443
0.013624
0.007480
0.025814
0.019696
0.018669
0.012057
0.015261
0.015355
0.019512
0.015181
0.014047
0.016544
0.018239
0.016776
0.019524
0.014107
0.025468
0.012124
0.013809
0.017843
0.014049
0.014624
0.012177
0.015135
0.010135
0.016366
0.013960
0.018903
0.014996
0.018685
0.018533
0.207487
0.205724
0.205476
0.201351
0.192010
0.193003
0.205639
0.201278
0.214895
0.185346
0.210381
0.191207
0.200679
0.200642
0.188995
0.196233
0.178676
0.218892
0.188344
0.209795
0.195992
0.200782
0.195477
0.185798
0.195258
0.193821
0.193147
0.207979
0.197053
0.201705
0.190972
0.194132
0.186589
0.200176
0.196558
0.059029
0.033911
0.040493
0.048846
0.062927
0.052808
0.056527
0.047188
0.043595
0.038684
0.050735
0.056943
0.035600
0.043901
0.053354
0.035632
0.059129
0.042444
0.041557
0.031347
0.048823
0.039953
0.050885
0.053244
0.046117
0.050871
0.035974
0.031070
0.050077
0.063071
0.057023
0.037049
0.054879
0.039476
0.030450
0.013747
0.012577
0.010751
0.022127
0.064560
0.050303
0.013009
0.014436
0.013729
0.014737
0.016326
0.016853
0.011514
0.051655
0.013190
0.014240
0.012470
0.014349
0.011285
0.022116
0.014712
0.037990
0.023316
0.013345
0.015516
0.037194
0.011596
0.015427
0.017365
0.011043
0.012826
0.033514
0.015326
0.015863
0.013512
0.007504
0.009364
0.006434
0.007271
0.008003
0.006190
0.006689
0.005771
0.006170
0.049736
0.006521
0.006862
0.004980
0.006700
0.006404
0.006787
0.039659
0.017658
0.036304
0.006251
0.006967
0.006333
0.006929
0.011831
0.006678
0.006869
0.024868
0.008012
0.006729
0.011790
0.010773
0.042029
0.007003
0.057117
0.007190
0.018103
0.016490
0.015124
0.013762
0.016371
0.016234
0.015923
0.017489
0.019367
0.016065
0.014926
0.015377
0.017588
0.018741
0.014227
0.017022
0.015430
0.015137
0.017093
0.015534
0.017332
0.015280
0.015176
0.016160
0.016850
0.017579
0.015464
0.018936
0.014736
0.020245
0.017463
0.016358
0.014581
0.015380
0.017378
