0.000000
0.000126
0.000073
0.000002
0.000115
0.000000
0.000195
0.000002
0.001289
0.001108
0.000000
0.000000
0.000219
0.000728
0.000689
0.002415
0.000028
0.000000
0.000321
0.001054
0.000386
0.000592
0.000000
0.000720
0.000192
0.000000
0.000000
0.000159
0.000275
0.000182
0.000157
0.000000
0.000000
0.000003
0.000000
0.001143
0.000711
0.000866
0.000943
0.001255
0.000707
0.000728
0.000802
0.000863
0.000817
0.000782
0.000658
0.000477
0.000735
0.000875
0.001065
0.000694
0.000617
0.000684
0.000605
0.000660
0.000679
0.000985
0.001158
0.001118
0.000696
0.000826
0.000778
0.000802
0.000631
0.000911
0.000448
0.000725
0.001025
0.000422
0.156010
0.160550
0.163377
0.157624
0.156643
0.170688
0.170982
0.154538
0.167553
0.174609
0.176136
0.171241
0.164774
0.161161
0.163199
0.169222
0.155456
0.175717
0.167168
0.170407
0.154799
0.158595
0.171419
0.161345
0.157448
0.169149
0.176107
0.150941
0.164517
0.169727
0.169708
0.174940
0.170301
0.156403
0.160098
0.035447
0.043287
0.037893
0.036025
0.039924
0.034073
0.037197
0.046258
0.036689
0.039358
0.038574
0.035136
0.056220
0.037629
0.036932
0.031956
0.033731
0.038904
0.033139
0.033669
0.044733
0.032954
0.040942
0.035718
0.043974
0.045262
0.045413
0.043675
0.035593
0.034779
0.040969
0.046145
0.045386
0.045618
0.043476
0.000162
0.000308
0.000235
0.000177
0.000212
0.000175
0.000333
0.000129
0.000183
0.000188
0.000148
0.000226
0.000243
0.000216
0.000151
0.000165
0.000143
0.003251
0.000189
0.000144
0.000136
0.000184
0.012155
0.046136
0.006276
0.000148
0.000164
0.049965
0.000155
0.000209
0.020462
0.000123
0.012106
0.000142
0.000147
0.000265
0.000330
0.000691
0.000270
0.000469
0.000263
0.000241
0.000221
0.000296
0.015051
0.000259
0.000273
0.000295
0.000639
0.003886
0.000488
0.031487
0.038613
0.000249
0.001620
0.000215
0.000329
0.000351
0.039467
0.000533
0.000226
0.000317
0.003357
0.000444
0.000402
0.001028
0.000358
0.000690
0.000359
0.000352
0.000921
0.000921
0.000906
0.000998
0.000874
0.001026
0.000963
0.001074
0.000827
0.000748
0.000838
0.000829
0.000845
0.000870
0.000995
0.001062
0.000991
0.000636
0.000941
0.000949
0.000808
0.001033
0.000981
0.001025
0.000927
0.000892
0.001215
0.000835
0.000984
0.001012
0.000818
0.000888
0.000860
0.001099
0.000774
