0.000016
0.000084
0.000296
0.000029
0.000042
0.000004
0.000000
0.000001
0.000041
0.000495
0.000064
0.000081
0.000000
0.000000
0.000328
0.000000
0.000005
0.000000
0.000220
0.000000
0.000014
0.000293
0.000001
0.019144
0.007361
0.000045
0.000011
0.020570
0.000003
0.000000
0.000200
0.030011
0.000001
0.000647
0.000638
0.000811
0.001998
0.001337
0.002973
0.003548
0.004525
0.003914
0.004264
0.004424
0.003046
0.004617
0.005232
0.003302
0.003838
0.005188
0.004549
0.004411
0.001067
0.011073
0.008416
0.002910
0.004852
0.003561
0.003309
0.003257
0.001899
0.004913
0.006766
0.002599
0.004241
0.007276
0.001763
0.010467
0.004598
0.001248
0.001103
0.001482
0.001563
0.003850
0.001469
0.003415
0.001660
0.002027
0.002347
0.002456
0.002216
0.002060
0.002055
0.001633
0.001911
0.001329
0.001918
0.001445
0.002442
0.001950
0.002280
0.002083
0.001803
0.002722
0.003082
0.001217
0.001667
0.002195
0.001639
0.003991
0.004856
0.001856
0.001839
0.001944
0.001760
0.035131
0.039664
0.047706
0.046234
0.044796
0.040596
0.044526
0.041429
0.043983
0.042443
0.027229
0.037757
0.043207
0.040961
0.044344
0.040623
0.040774
0.041360
0.042631
0.041812
0.033027
0.039751
0.043735
0.049094
0.042347
0.040826
0.037254
0.038260
0.032250
0.044696
0.046441
0.044446
0.046275
0.038468
0.037694
0.069980
0.014877
0.004845
0.000160
0.000063
0.000191
0.000059
0.032592
0.037153
0.099275
0.000068
0.000058
0.000189
0.000082
0.000078
0.008079
0.035254
0.000105
0.095964
0.000142
0.080808
0.000106
0.018223
0.000075
0.099813
0.000084
0.000049
0.004824
0.036605
0.040263
0.088016
0.006202
0.051401
0.051985
0.103527
0.000119
0.036300
0.000139
0.084819
0.016284
0.000099
0.000124
0.134989
0.000099
0.015773
0.024103
0.084765
0.004545
0.000075
0.008531
0.000104
0.013741
0.000169
0.029327
0.108706
0.008632
0.016920
0.052596
0.017919
0.000987
0.000104
0.046579
0.000094
0.022350
0.000085
0.000103
0.000160
0.000124
0.010965
0.000146
0.000254
0.000265
0.000298
0.000442
0.000196
0.000561
0.000486
0.000272
0.000249
0.000287
0.000466
0.000248
0.000305
0.000214
0.000284
0.000262
0.000302
0.000277
0.000256
0.000217
0.000274
0.000254
0.000436
0.000288
0.000211
0.000266
0.000256
0.000299
0.000245
0.000325
0.000202
0.000260
0.000293
0.000229
0.000349
