0.000000
0.000051
0.000000
0.000310
0.000000
0.000001
0.000000
0.000001
0.000000
0.000018
0.000000
0.000094
0.000222
0.000009
0.000000
0.000001
0.001200
0.000000
0.000000
0.000183
0.000000
0.000000
0.000100
0.000000
0.000004
0.000207
0.000282
0.000002
0.000074
0.000000
0.000000
0.000042
0.032349
0.000000
0.000000
0.003155
0.004096
0.000472
0.001587
0.000749
0.000671
0.006330
0.000912
0.002611
0.000481
0.003895
0.000907
0.000671
0.000577
0.000934
0.000493
0.005160
0.002298
0.002787
0.000710
0.001850
0.000671
0.003007
0.000679
0.004083
0.000730
0.002187
0.001870
0.000336
0.000784
0.000504
0.000608
0.000840
0.000877
0.000799
0.001184
0.001344
0.002017
0.001096
0.001849
0.001775
0.001121
0.001042
0.001925
0.001426
0.001415
0.001000
0.001230
0.001135
0.001995
0.001287
0.002358
0.002103
0.001239
0.001166
0.001163
0.001412
0.001159
0.001249
0.003155
0.001524
0.001083
0.001036
0.001033
0.001082
0.001389
0.001521
0.001638
0.001721
0.001193
0.046807
0.033227
0.036740
0.038442
0.022365
0.032740
0.033044
0.036887
0.041745
0.048302
0.038973
0.038076
0.038353
0.038303
0.041943
0.046775
0.040236
0.029599
0.050344
0.031658
0.031061
0.031466
0.030344
0.049187
0.036076
0.034975
0.033395
0.030569
0.026908
0.036563
0.038488
0.047048
0.034727
0.035925
0.029040
0.017639
0.053135
0.055472
0.039742
0.114233
0.000038
0.013703
0.038602
0.109245
0.062884
0.029903
0.033920
0.065509
0.034912
0.017018
0.000086
0.024076
0.052829
0.000058
0.025684
0.051748
0.073465
0.000085
0.032965
0.000054
0.046544
0.000157
0.200589
0.000047
0.041965
0.041933
0.000087
0.164652
0.000070
0.097248
0.050356
0.000171
0.034342
0.049771
0.000247
0.000162
0.000120
0.000165
0.000141
0.000161
0.048936
0.060080
0.162606
0.000144
0.088674
0.012515
0.080398
0.034071
0.000120
0.087369
0.040149
0.000144
0.045666
0.000177
0.106199
0.131041
0.013948
0.000133
0.138419
0.003557
0.091429
0.187805
0.047401
0.052423
0.000224
0.000330
0.000316
0.000328
0.000378
0.000451
0.000375
0.000221
0.000387
0.000356
0.000316
0.000294
0.000270
0.000319
0.000274
0.000321
0.000288
0.000288
0.000403
0.000342
0.000222
0.000363
0.000322
0.000328
0.000298
0.000328
0.000356
0.000250
0.000309
0.000292
0.000418
0.000289
0.000355
0.000332
0.000437
0.000606
