0.087279
0.112921
0.116196
0.111165
0.115809
0.103391
0.127772
0.068239
0.107229
0.126336
0.090333
0.099826
0.122467
0.076641
0.123113
0.126480
0.091463
0.083615
0.120709
0.076911
0.123246
0.123360
0.099799
0.117445
0.074145
0.078391
0.083830
0.098533
0.073372
0.062447
0.086720
0.120859
0.099795
0.076952
0.130012
0.014313
0.018865
0.014410
0.012521
0.015316
0.022587
0.016201
0.013207
0.018399
0.017359
0.020372
0.015981
0.021571
0.016696
0.018449
0.017691
0.014528
0.014136
0.014575
0.017166
0.018280
0.036191
0.015408
0.016940
0.013343
0.018218
0.018846
0.022211
0.012590
0.022440
0.014420
0.019517
0.012255
0.008864
0.014832
0.216377
0.208110
0.206171
0.210836
0.221845
0.220250
0.207824
0.196094
0.207657
0.202436
0.214313
0.207141
0.214652
0.209457
0.210608
0.204833
0.207320
0.221187
0.196622
0.208334
0.214182
0.216534
0.207663
0.221656
0.214015
0.214278
0.201618
0.206829
0.211741
0.216064
0.218984
0.216745
0.201963
0.198437
0.198290
0.056794
0.048876
0.043331
0.068163
0.053053
0.051656
0.042841
0.045092
0.055127
0.054128
0.055733
0.050207
0.060352
0.063052
0.066486
0.059329
0.054572
0.045052
0.063914
0.050245
0.057335
0.068271
0.061495
0.062503
0.052998
0.040728
0.039900
0.048400
0.047281
0.059913
0.046951
0.053721
0.059598
0.051585
0.062907
0.031074
0.033508
0.054091
0.058061
0.019105
0.024902
0.024699
0.023405
0.024376
0.026163
0.051420
0.016584
0.036720
0.022784
0.018165
0.022990
0.024714
0.026474
0.021104
0.042600
0.025236
0.022308
0.039356
0.023097
0.024969
0.036674
0.037397
0.040744
0.045173
0.039058
0.040361
0.018120
0.038571
0.031029
0.035186
0.009093
0.007000
0.008039
0.016630
0.011464
0.018932
0.011850
0.013047
0.009770
0.014231
0.022248
0.007794
0.009766
0.008674
0.009971
0.006917
0.009713
0.008482
0.012772
0.013199
0.016815
0.008213
0.009107
0.008482
0.019994
0.007644
0.008425
0.016601
0.015211
0.015484
0.007915
0.016082
0.025184
0.009008
0.009516
0.019049
0.018083
0.017590
0.023732
0.021337
0.020295
0.019643
0.018127
0.022467
0.021803
0.017517
0.021499
0.021341
0.019241
0.019759
0.021075
0.021448
0.021700
0.019716
0.020046
0.021261
0.023056
0.021989
0.018893
0.019553
0.019743
0.021094
0.018380
0.022014
0.018246
0.020173
0.025659
0.018512
0.021502
0.018521
