0.047421
0.044162
0.047604
0.045308
0.045317
0.042449
0.047094
0.029568
0.037228
0.049167
0.053153
0.046769
0.051362
0.042765
0.041044
0.042980
0.045753
0.043095
0.042174
0.040873
0.042651
0.043497
0.041483
0.053875
0.041902
0.046123
0.034263
0.049177
0.036948
0.048294
0.037498
0.037925
0.036214
0.047612
0.040660
0.143186
0.145885
0.137010
0.128481
0.156036
0.141111
0.128093
0.143885
0.136887
0.144970
0.143003
0.149895
0.134337
0.139348
0.135610
0.140176
0.012756
0.135300
0.038672
0.120916
0.133658
0.012937
0.013951
0.136752
0.147539
0.146200
0.142243
0.141725
0.135049
0.138371
0.128291
0.120019
0.144253
0.141218
0.134361
0.031726
0.036407
0.025897
0.036928
0.070402
0.059386
0.048022
0.041302
0.026515
0.027801
0.032110
0.051662
0.036922
0.038834
0.025506
0.076612
0.056519
0.042683
0.038718
0.089318
0.033344
0.073693
0.028283
0.094478
0.035078
0.027962
0.056250
0.117745
0.033907
0.115183
0.031408
0.028773
0.090109
0.055093
0.088396
0.089053
0.087431
0.082354
0.076846
0.065738
0.083404
0.089063
0.083776
0.091715
0.089475
0.085321
0.096931
0.098661
0.072163
0.090215
0.079493
0.075174
0.092651
0.073591
0.094131
0.091812
0.093691
0.090619
0.081079
0.087095
0.096680
0.094099
0.079987
0.082496
0.098323
0.094796
0.093497
0.093195
0.092470
0.087724
0.005356
0.017172
0.004661
0.005419
0.015898
0.010214
0.008653
0.008633
0.012926
0.029155
0.004957
0.005529
0.020888
0.021369
0.004939
0.009873
0.015329
0.012849
0.013746
0.029055
0.005281
0.012961
0.005820
0.014441
0.006602
0.020769
0.008103
0.013592
0.014573
0.012754
0.018676
0.015425
0.011396
0.015456
0.005588
0.004061
0.004650
0.004062
0.003955
0.009233
0.004051
0.004526
0.009417
0.004416
0.003295
0.007525
0.005217
0.004817
0.004557
0.005335
0.006242
0.004628
0.009156
0.004198
0.004429
0.003900
0.004946
0.004986
0.008042
0.010279
0.004987
0.004442
0.005004
0.006821
0.004711
0.004687
0.003952
0.004513
0.004360
0.003632
0.044464
0.047463
0.041115
0.047764
0.034935
0.051220
0.038425
0.041096
0.050646
0.052233
0.043396
0.043209
0.042447
0.043327
0.043155
0.043513
0.037569
0.046116
0.050845
0.039703
0.042658
0.033915
0.034801
0.050516
0.043054
0.041349
0.043785
0.043916
0.044449
0.047399
0.034818
0.050069
0.045218
0.041552
0.045572
