0.024982
0.016278
0.047428
0.033028
0.023472
0.020964
0.038837
0.030400
0.026405
0.025188
0.033071
0.028266
0.028551
0.011729
0.026973
0.027510
0.044255
0.025240
0.023370
0.012676
0.035786
0.027061
0.021474
0.038808
0.030042
0.036766
0.023875
0.020306
0.018750
0.036231
0.040574
0.016282
0.038043
0.032190
0.031333
0.137779
0.136929
0.133430
0.142315
0.079652
0.139801
0.124466
0.147285
0.116858
0.130891
0.146229
0.127822
0.131932
0.144701
0.129693
0.141265
0.144360
0.142390
0.146401
0.138115
0.129281
0.128166
0.137288
0.117430
0.136067
0.138677
0.124490
0.144260
0.123289
0.121466
0.082986
0.121585
0.130701
0.134830
0.087293
0.009870
0.013511
0.013147
0.010245
0.007404
0.021316
0.009670
0.009529
0.025798
0.010572
0.012237
0.009665
0.010214
0.018318
0.015603
0.014898
0.015417
0.018727
0.090690
0.012519
0.007640
0.016429
0.047415
0.012790
0.012229
0.010382
0.008837
0.012473
0.011387
0.012850
0.018905
0.019270
0.007390
0.011259
0.038795
0.068611
0.065116
0.068362
0.066523
0.050323
0.066199
0.077245
0.058030
0.074286
0.072225
0.075814
0.069329
0.060531
0.066574
0.076013
0.059799
0.064679
0.074002
0.068390
0.060547
0.066751
0.062572
0.065164
0.063569
0.063873
0.053829
0.067524
0.076703
0.063176
0.073495
0.066199
0.065283
0.072484
0.069143
0.060995
0.041356
0.021110
0.005417
0.000913
0.012124
0.004417
0.002317
0.000547
0.019996
0.007614
0.000683
0.025114
0.037689
0.000719
0.000779
0.000817
0.004536
0.000910
0.014293
0.009359
0.000656
0.000611
0.045925
0.000697
0.040479
0.008754
0.001103
0.000700
0.009211
0.004385
0.002391
0.000817
0.014081
0.000722
0.003458
0.000540
0.000717
0.000801
0.000522
0.000518
0.016676
0.005473
0.007461
0.000770
0.008166
0.000648
0.000455
0.009661
0.000587
0.005181
0.011205
0.000661
0.000647
0.005928
0.000654
0.013286
0.000776
0.019872
0.000859
0.000481
0.010957
0.000682
0.000735
0.005895
0.014307
0.000620
0.000727
0.000604
0.000644
0.000645
0.016854
0.002222
0.002816
0.012393
0.003699
0.012272
0.006973
0.011945
0.012371
0.013093
0.002552
0.018278
0.017097
0.017395
0.011852
0.017364
0.001961
0.012201
0.017003
0.017774
0.016929
0.003385
0.011875
0.017268
0.011854
0.011862
0.013312
0.017393
0.012594
0.012917
0.022657
0.016895
0.017036
0.017894
0.011957
