0.104858
0.109130
0.124857
0.106721
0.120145
0.110254
0.122575
0.109508
0.111144
0.113630
0.125253
0.119451
0.091409
0.123338
0.092354
0.099815
0.114533
0.106621
0.115636
0.099875
0.106236
0.121195
0.115012
0.113637
0.106507
0.106370
0.102619
0.093817
0.130529
0.117257
0.095287
0.111221
0.121735
0.121126
0.089334
0.027534
0.028976
0.033669
0.028743
0.030948
0.025780
0.028370
0.033257
0.029782
0.037672
0.028734
0.029288
0.024981
0.025853
0.028754
0.029251
0.035023
0.029913
0.040703
0.035520
0.031020
0.036172
0.037580
0.028826
0.028757
0.033922
0.026912
0.029346
0.024575
0.025692
0.029222
0.027704
0.031464
0.032829
0.036213
0.230901
0.231359
0.234729
0.228875
0.231559
0.231394
0.225455
0.232616
0.232560
0.230147
0.229382
0.226928
0.229899
0.233899
0.246749
0.231186
0.227904
0.225238
0.243131
0.224642
0.217434
0.229381
0.231643
0.224502
0.227122
0.224587
0.231972
0.235781
0.230908
0.231911
0.227957
0.224999
0.236966
0.224295
0.234506
0.110374
0.131861
0.115634
0.123432
0.127545
0.127161
0.121478
0.113276
0.100521
0.118249
0.119235
0.115931
0.110088
0.124679
0.118384
0.105459
0.127977
0.108121
0.102142
0.125797
0.118878
0.113756
0.112892
0.112539
0.114735
0.132565
0.120642
0.110204
0.102098
0.111760
0.129377
0.123397
0.128723
0.123998
0.099657
0.093798
0.083259
0.102475
0.086885
0.098177
0.110252
0.085415
0.095233
0.095140
0.091423
0.078358
0.110500
0.082624
0.103685
0.089280
0.091152
0.094811
0.098698
0.085087
0.111628
0.090051
0.092963
0.102979
0.102826
0.104567
0.109034
0.087369
0.089386
0.088005
0.095841
0.101289
0.106663
0.109980
0.105876
0.090121
0.030950
0.052893
0.039693
0.045929
0.034752
0.050870
0.033896
0.045386
0.041406
0.052076
0.031517
0.035738
0.070642
0.030862
0.048223
0.042407
0.038983
0.038145
0.042197
0.042552
0.050140
0.045301
0.035735
0.056362
0.036325
0.039258
0.038043
0.046775
0.051126
0.046894
0.049291
0.031268
0.028656
0.051158
0.036812
0.091458
0.085628
0.079619
0.083932
0.085040
0.088844
0.084759
0.082419
0.090634
0.086310
0.088666
0.086785
0.091260
0.078472
0.085467
0.080183
0.084374
0.084452
0.081349
0.085153
0.083458
0.092309
0.096139
0.081613
0.094289
0.081519
0.083933
0.079177
0.087907
0.084625
0.083909
0.082827
0.089554
0.076053
0.093689
