0.097100
0.115131
0.126926
0.098223
0.105644
0.116541
0.119373
0.107019
0.110540
0.107671
0.122363
0.119839
0.098171
0.115234
0.095522
0.083200
0.112403
0.098433
0.117707
0.102613
0.095958
0.111845
0.112206
0.102744
0.103393
0.110097
0.099029
0.103604
0.122702
0.113080
0.101937
0.100904
0.120885
0.115557
0.091222
0.024569
0.024566
0.034404
0.028292
0.031103
0.025617
0.028100
0.034312
0.025456
0.029699
0.028160
0.031534
0.031897
0.024489
0.025777
0.025288
0.034290
0.029157
0.037591
0.032962
0.029482
0.029495
0.027123
0.025105
0.030749
0.031684
0.024645
0.027448
0.023637
0.025379
0.029442
0.026163
0.028140
0.031589
0.033518
0.231002
0.227008
0.233096
0.227240
0.225861
0.229684
0.220363
0.230164
0.230840
0.227856
0.229501
0.225198
0.227574
0.230500
0.243105
0.226499
0.223856
0.224131
0.244364
0.224048
0.215842
0.225998
0.226873
0.222409
0.226692
0.218606
0.228819
0.230397
0.226823
0.230624
0.223708
0.222537
0.232948
0.221760
0.231213
0.098756
0.119368
0.101423
0.107012
0.112555
0.114323
0.114018
0.112761
0.087931
0.100912
0.102133
0.107209
0.099805
0.105835
0.106277
0.089324
0.121574
0.098466
0.099003
0.110563
0.103964
0.099230
0.097649
0.098487
0.102715
0.119207
0.109380
0.096704
0.086245
0.104680
0.119556
0.100001
0.107630
0.106812
0.087024
0.077938
0.073969
0.088100
0.082087
0.098045
0.095979
0.079840
0.078459
0.079187
0.072317
0.064537
0.099773
0.071615
0.101525
0.078434
0.079942
0.087698
0.092619
0.080471
0.105791
0.085006
0.079354
0.098286
0.096146
0.099243
0.103081
0.077819
0.075416
0.070685
0.081917
0.080334
0.103202
0.099313
0.092818
0.074752
0.028840
0.043606
0.033652
0.038705
0.029095
0.047227
0.029175
0.040184
0.030252
0.043634
0.029803
0.029673
0.061087
0.026965
0.041696
0.030373
0.030700
0.031114
0.037050
0.035089
0.043563
0.039371
0.025300
0.048322
0.033460
0.031362
0.031390
0.039369
0.041830
0.041888
0.045335
0.023962
0.025244
0.042122
0.032662
0.086315
0.068720
0.071143
0.071212
0.072712
0.076780
0.075219
0.076529
0.084185
0.075660
0.075534
0.075141
0.074082
0.072652
0.074475
0.069628
0.080593
0.069513
0.071038
0.074570
0.074963
0.075736
0.087074
0.073088
0.073347
0.073933
0.076308
0.069869
0.079154
0.074263
0.076613
0.071451
0.078233
0.069602
0.089956
