0.117394
0.067319
0.071452
0.080707
0.084045
0.083747
0.085197
0.137893
0.118442
0.081549
0.089161
0.069868
0.083703
0.089119
0.135297
0.052844
0.110727
0.097953
0.108921
0.066794
0.084671
0.087389
0.096286
0.091780
0.103091
0.062107
0.095449
0.074314
0.049035
0.068437
0.107449
0.064466
0.068081
0.109907
0.105369
0.011135
0.011451
0.016389
0.009837
0.015778
0.004592
0.010578
0.014354
0.012076
0.014023
0.011409
0.011451
0.011741
0.013164
0.014376
0.013737
0.010910
0.011679
0.020509
0.010256
0.013720
0.012534
0.011569
0.022366
0.010829
0.011421
0.012060
0.011351
0.012725
0.013930
0.013801
0.011819
0.014101
0.029825
0.011821
0.202185
0.201382
0.199763
0.197249
0.189787
0.187194
0.197368
0.201364
0.205677
0.181100
0.210583
0.187917
0.194878
0.195475
0.176041
0.187220
0.177023
0.216513
0.186815
0.205914
0.179690
0.191472
0.190412
0.181871
0.193443
0.192934
0.189474
0.203274
0.187595
0.194794
0.187919
0.186035
0.188007
0.196679
0.193368
0.047399
0.032307
0.038952
0.035251
0.061194
0.050447
0.052414
0.044426
0.038248
0.031931
0.041459
0.052633
0.030789
0.042506
0.046572
0.033412
0.054183
0.043776
0.037582
0.036661
0.037137
0.041293
0.044375
0.048336
0.043274
0.038310
0.031557
0.029120
0.036933
0.054083
0.045120
0.039168
0.054204
0.046392
0.040576
0.008663
0.008425
0.007066
0.009244
0.049909
0.018171
0.007355
0.009480
0.009277
0.009945
0.007965
0.008617
0.007959
0.057771
0.007548
0.008756
0.008754
0.008281
0.008024
0.020046
0.008427
0.038359
0.022264
0.009201
0.010282
0.017796
0.008197
0.007943
0.007456
0.007557
0.008498
0.023075
0.008752
0.008974
0.008202
0.005625
0.003919
0.004696
0.004732
0.005319
0.003843
0.004774
0.004269
0.004354
0.047243
0.004359
0.004748
0.003306
0.004506
0.004198
0.004514
0.043901
0.015469
0.034618
0.004313
0.004688
0.004335
0.004643
0.010997
0.004264
0.004296
0.023510
0.005348
0.004652
0.005931
0.007028
0.044803
0.004259
0.068157
0.004074
0.011792
0.011319
0.010524
0.009973
0.010142
0.011174
0.010565
0.010767
0.011263
0.010423
0.010730
0.010981
0.011268
0.011859
0.009459
0.012210
0.010060
0.010233
0.010040
0.011732
0.012121
0.010566
0.011451
0.010831
0.011667
0.012163
0.011157
0.010767
0.009918
0.012053
0.011638
0.011623
0.010770
0.010960
0.011543
