0.097292
0.115143
0.123446
0.092570
0.105431
0.119202
0.120375
0.108375
0.112514
0.110118
0.122361
0.118910
0.097853
0.117464
0.099525
0.082192
0.109483
0.096210
0.116036
0.103262
0.100495
0.114139
0.111511
0.100065
0.105593
0.106446
0.100685
0.102843
0.123009
0.114840
0.101865
0.103270
0.121361
0.115561
0.089312
0.023855
0.027209
0.033638
0.027846
0.030287
0.025992
0.027822
0.031409
0.025419
0.027240
0.025393
0.031713
0.030757
0.024281
0.024295
0.025076
0.032872
0.029112
0.037202
0.031974
0.029492
0.028566
0.028304
0.026111
0.030557
0.029559
0.025595
0.026790
0.024332
0.025942
0.028805
0.026413
0.028501
0.031487
0.032739
0.230567
0.228272
0.231886
0.225877
0.225763
0.228982
0.219181
0.227278
0.230299
0.225608
0.229450
0.224464
0.226195
0.229782
0.242660
0.224446
0.220910
0.222514
0.245561
0.223873
0.216363
0.226388
0.226142
0.221281
0.226594
0.217053
0.229330
0.229380
0.226957
0.229163
0.224499
0.222572
0.232305
0.223188
0.229387
0.094638
0.118636
0.102015
0.103546
0.110364
0.109917
0.108564
0.109790
0.082466
0.097097
0.096933
0.100632
0.097780
0.101440
0.099044
0.085853
0.120037
0.098042
0.093765
0.102606
0.096220
0.094427
0.095439
0.097619
0.093112
0.117384
0.098459
0.092259
0.085283
0.102989
0.113153
0.097245
0.106799
0.106928
0.084887
0.071909
0.071361
0.091484
0.080484
0.093712
0.091835
0.080116
0.068600
0.072700
0.066981
0.056740
0.094768
0.071471
0.093082
0.069727
0.076929
0.077827
0.081265
0.079171
0.095124
0.084571
0.079458
0.090936
0.094870
0.093061
0.104049
0.075997
0.074353
0.074419
0.076432
0.074320
0.099082
0.093534
0.089751
0.069149
0.026443
0.041374
0.030121
0.038007
0.026669
0.045758
0.027263
0.039675
0.028168
0.043591
0.028199
0.028131
0.056418
0.023758
0.042890
0.028717
0.028901
0.029144
0.034596
0.034980
0.041482
0.036675
0.023178
0.045116
0.032418
0.028267
0.029091
0.037777
0.038951
0.036933
0.041256
0.021489
0.023902
0.041551
0.029474
0.083132
0.065139
0.069592
0.067559
0.072498
0.071324
0.073666
0.072722
0.078915
0.071535
0.067858
0.071106
0.071725
0.071679
0.069818
0.066789
0.079088
0.068223
0.066901
0.071157
0.069265
0.071038
0.082653
0.068649
0.068382
0.066836
0.071660
0.065166
0.069929
0.071116
0.074260
0.068600
0.073094
0.067979
0.084800
