0.072390
0.069390
0.070982
0.066762
0.069129
0.071231
0.065766
0.091846
0.066370
0.066995
0.067021
0.081828
0.074635
0.082213
0.074218
0.070966
0.073432
0.075511
0.066076
0.078019
0.071904
0.078309
0.078011
0.076204
0.069951
0.073030
0.080190
0.071605
0.077714
0.066985
0.071130
0.076751
0.066220
0.070500
0.073242
0.127153
0.120872
0.113273
0.119011
0.104331
0.100222
0.120427
0.107419
0.101926
0.121150
0.103238
0.094396
0.121222
0.080268
0.090881
0.097984
0.103877
0.129511
0.133525
0.104109
0.120557
0.121206
0.110503
0.127195
0.133073
0.107332
0.107625
0.095966
0.141018
0.098314
0.102076
0.101176
0.111107
0.118646
0.121896
0.207671
0.208592
0.208709
0.206162
0.195423
0.211547
0.208391
0.202051
0.202170
0.208249
0.195087
0.209918
0.211681
0.217930
0.204185
0.202602
0.207590
0.200380
0.205399
0.213156
0.200048
0.202970
0.196140
0.211582
0.208384
0.196753
0.210821
0.211271
0.200506
0.193470
0.206769
0.197377
0.218415
0.209718
0.200474
0.190977
0.190886
0.205661
0.201807
0.198337
0.202905
0.202308
0.195629
0.205406
0.203910
0.182564
0.203747
0.208521
0.197614
0.194835
0.202444
0.205004
0.215073
0.198912
0.191586
0.196438
0.200952
0.201969
0.198011
0.198269
0.196943
0.199367
0.205036
0.190872
0.199121
0.198755
0.187883
0.198120
0.197496
0.203451
0.427352
0.412022
0.392529
0.406714
0.425673
0.398061
0.427398
0.436029
0.413910
0.422696
0.411665
0.437251
0.411112
0.421584
0.420101
0.406685
0.429507
0.421532
0.405667
0.429662
0.412576
0.415502
0.398686
0.416369
0.385982
0.414226
0.392660
0.417808
0.406088
0.424131
0.433198
0.404919
0.393602
0.435848
0.422379
0.235091
0.235179
0.236061
0.231782
0.244568
0.221324
0.229878
0.216430
0.241494
0.229452
0.232502
0.225527
0.222543
0.226618
0.226940
0.224427
0.225610
0.226764
0.227450
0.236356
0.224675
0.240599
0.205500
0.232636
0.230213
0.222560
0.218543
0.245851
0.233800
0.224774
0.217303
0.236861
0.233842
0.226627
0.226790
0.176918
0.171172
0.170668
0.177861
0.172671
0.177695
0.167415
0.179895
0.176841
0.173414
0.170863
0.177982
0.175004
0.174223
0.176339
0.175928
0.178842
0.169956
0.174996
0.180973
0.168843
0.174904
0.163973
0.172887
0.170363
0.171827
0.172119
0.168300
0.168834
0.171135
0.180636
0.168317
0.178108
0.175142
0.180999
