0.003864
0.003209
0.002114
0.002939
0.001914
0.002385
0.002291
0.003181
0.002513
0.002540
0.002991
0.002358
0.002036
0.003779
0.002208
0.002413
0.002041
0.003513
0.002564
0.002632
0.004248
0.003055
0.002279
0.002826
0.002645
0.003238
0.002709
0.003013
0.002658
0.002559
0.003707
0.003259
0.002520
0.002592
0.003134
0.001551
0.001790
0.001709
0.001889
0.001583
0.001535
0.001392
0.001567
0.001497
0.002388
0.003450
0.001404
0.001768
0.001658
0.001467
0.001271
0.001767
0.001893
0.001706
0.002975
0.001601
0.001969
0.004011
0.001760
0.001579
0.001930
0.001456
0.002187
0.001347
0.002198
0.002306
0.002004
0.001498
0.001910
0.001536
0.214118
0.190814
0.209452
0.200216
0.203697
0.199004
0.212376
0.175650
0.202692
0.176849
0.204339
0.199564
0.215039
0.187844
0.207885
0.194509
0.177420
0.183671
0.200925
0.188387
0.203729
0.209636
0.181303
0.210537
0.184294
0.189743
0.205928
0.190760
0.182023
0.198034
0.200820
0.190613
0.194453
0.198515
0.198478
0.049550
0.045586
0.038823
0.044887
0.048764
0.045717
0.048200
0.047068
0.040631
0.043108
0.042693
0.041836
0.044036
0.042847
0.051715
0.046081
0.043751
0.045927
0.046555
0.044273
0.046340
0.046748
0.045083
0.046847
0.048563
0.045947
0.047227
0.046755
0.046656
0.050207
0.054291
0.047678
0.042978
0.048605
0.044233
0.260431
0.099693
0.257328
0.202950
0.220819
0.228571
0.180262
0.148895
0.247523
0.290954
0.236873
0.218472
0.093998
0.154427
0.173644
0.219641
0.217041
0.222712
0.110281
0.081300
0.329185
0.192831
0.202906
0.373826
0.161258
0.305370
0.196451
0.143368
0.234508
0.132977
0.204973
0.210905
0.190166
0.179672
0.268303
0.153839
0.163639
0.191434
0.154049
0.153870
0.114353
0.165908
0.182122
0.219346
0.100272
0.191822
0.185260
0.150779
0.133194
0.165701
0.181740
0.180000
0.184350
0.156076
0.187704
0.120742
0.146206
0.080885
0.155010
0.191452
0.203194
0.198085
0.203782
0.160215
0.159716
0.141292
0.125438
0.211918
0.124491
0.215222
0.001411
0.001201
0.001055
0.001197
0.001087
0.001105
0.001291
0.001108
0.001441
0.001325
0.001674
0.001382
0.001047
0.001001
0.000984
0.001149
0.001221
0.001052
0.000939
0.001118
0.000891
0.001340
0.001092
0.001386
0.000972
0.001431
0.001444
0.001211
0.001133
0.001152
0.001244
0.001252
0.001301
0.001443
0.001175
