0.028563
0.024346
0.016482
0.020785
0.025522
0.025390
0.025723
0.022529
0.021038
0.018083
0.016660
0.022520
0.030030
0.023410
0.023187
0.016342
0.021347
0.028785
0.025674
0.015662
0.021886
0.037750
0.025009
0.027182
0.022484
0.018406
0.023630
0.021634
0.020977
0.025662
0.021772
0.024893
0.017224
0.024362
0.023758
0.008953
0.057132
0.071526
0.003343
0.002600
0.125705
0.003325
0.002440
0.003258
0.089783
0.003641
0.128571
0.068916
0.004832
0.023622
0.082003
0.002416
0.119644
0.018122
0.002653
0.002523
0.002192
0.075922
0.004258
0.002770
0.022338
0.054793
0.104527
0.003836
0.010560
0.125788
0.031545
0.065384
0.002636
0.002090
0.005011
0.005164
0.004223
0.004502
0.006490
0.005593
0.004452
0.004348
0.004628
0.004500
0.005080
0.004533
0.005058
0.005438
0.005119
0.004698
0.004893
0.005723
0.005447
0.004300
0.004298
0.004108
0.004791
0.004960
0.004480
0.005020
0.006640
0.004308
0.004670
0.005011
0.005235
0.004315
0.004778
0.005378
0.004307
0.020758
0.028456
0.018029
0.016369
0.020286
0.017625
0.033375
0.025740
0.025079
0.023426
0.027111
0.021846
0.023703
0.020823
0.027053
0.022542
0.021990
0.019239
0.022819
0.020191
0.019088
0.021325
0.026407
0.013842
0.024165
0.016867
0.028672
0.019592
0.022670
0.018613
0.020617
0.023017
0.014722
0.020360
0.023663
0.008148
0.006064
0.006969
0.006916
0.007582
0.009029
0.007592
0.007099
0.005936
0.007600
0.007462
0.005674
0.011230
0.006943
0.008113
0.007167
0.010201
0.007681
0.007200
0.011487
0.006672
0.010068
0.009599
0.009493
0.007951
0.009390
0.006915
0.007837
0.006962
0.005992
0.007490
0.007738
0.007479
0.006269
0.005843
0.002402
0.002571
0.002331
0.002906
0.002508
0.002755
0.002684
0.002761
0.002796
0.002621
0.002487
0.002612
0.002764
0.002220
0.002378
0.002232
0.002990
0.002186
0.002690
0.002903
0.002606
0.002904
0.002431
0.002729
0.002584
0.002282
0.002703
0.002866
0.002555
0.002479
0.002655
0.002636
0.002723
0.003112
0.002590
0.090995
0.082652
0.097671
0.096316
0.085641
0.098544
0.091374
0.101425
0.090412
0.091321
0.095555
0.088638
0.094239
0.095116
0.095362
0.092947
0.102323
0.098212
0.094167
0.091588
0.090424
0.091922
0.092512
0.092984
0.098357
0.093355
0.090036
0.100441
0.096685
0.093164
0.096587
0.087036
0.101080
0.089726
0.100209
