0.086155
0.093504
0.081447
0.096547
0.086841
0.074355
0.079891
0.081284
0.074049
0.086211
0.080480
0.088568
0.066915
0.072578
0.074157
0.082761
0.089450
0.091184
0.077580
0.073789
0.080654
0.083560
0.096962
0.073095
0.090362
0.078236
0.087137
0.072864
0.090448
0.086713
0.083800
0.072943
0.077090
0.076217
0.083953
0.104002
0.082410
0.092420
0.089211
0.093259
0.059991
0.073229
0.087199
0.094040
0.079978
0.091803
0.078630
0.076983
0.079245
0.084120
0.096889
0.093142
0.072852
0.092691
0.062239
0.082569
0.093644
0.093232
0.091702
0.084890
0.109329
0.083411
0.112323
0.087466
0.074443
0.096647
0.096656
0.090406
0.084106
0.071919
0.224164
0.204168
0.215437
0.213138
0.190431
0.204579
0.223156
0.219804
0.204693
0.214485
0.187366
0.219744
0.222214
0.218978
0.202484
0.218857
0.207600
0.211189
0.211531
0.212027
0.207917
0.220097
0.230293
0.210136
0.211164
0.197603
0.220637
0.227921
0.214981
0.224170
0.211322
0.209935
0.214489
0.215537
0.215708
0.202099
0.188521
0.211152
0.206974
0.208955
0.204301
0.181230
0.202317
0.188083
0.197569
0.211003
0.201449
0.212968
0.196619
0.200881
0.205445
0.206029
0.222595
0.205073
0.209015
0.205363
0.190813
0.197943
0.196132
0.211830
0.193089
0.203800
0.212260
0.202114
0.194488
0.197459
0.208079
0.202060
0.201411
0.202892
0.402444
0.413527
0.393259
0.391087
0.419927
0.444036
0.429644
0.403814
0.455571
0.417772
0.431081
0.404963
0.417785
0.446422
0.407598
0.429597
0.419484
0.442092
0.431991
0.378722
0.403538
0.412314
0.420844
0.362608
0.410690
0.406085
0.452524
0.418543
0.437675
0.420631
0.367253
0.426013
0.382016
0.408131
0.441514
0.205902
0.229996
0.209474
0.186523
0.215263
0.203329
0.225989
0.205136
0.198644
0.233053
0.225060
0.218643
0.222536
0.207893
0.208153
0.166640
0.212084
0.229085
0.184158
0.195821
0.194142
0.204414
0.192270
0.220345
0.227850
0.231699
0.213163
0.213145
0.200161
0.206127
0.215199
0.185636
0.182351
0.194796
0.210269
0.101700
0.105040
0.110715
0.105015
0.106263
0.095340
0.102441
0.114396
0.104156
0.095881
0.107403
0.113676
0.110658
0.100439
0.108909
0.114508
0.118367
0.107635
0.114942
0.098457
0.096499
0.107150
0.110016
0.100216
0.103811
0.104893
0.097116
0.109342
0.109798
0.110492
0.113987
0.109675
0.111973
0.104574
0.114541
