0.055165
0.076733
0.057179
0.058313
0.068026
0.062250
0.063635
0.066458
0.057126
0.042687
0.066017
0.076098
0.061370
0.063742
0.034098
0.082137
0.064444
0.052452
0.081908
0.050480
0.046118
0.057891
0.054245
0.062002
0.068846
0.055926
0.077347
0.067833
0.066562
0.050811
0.045663
0.044702
0.062880
0.044693
0.073041
0.029099
0.021231
0.029672
0.032652
0.022272
0.021959
0.030409
0.021800
0.024061
0.025154
0.040195
0.038857
0.028804
0.019558
0.014052
0.025026
0.027147
0.023882
0.021523
0.017339
0.038424
0.024067
0.025149
0.028935
0.017333
0.018316
0.027647
0.023275
0.026107
0.017315
0.019542
0.023035
0.017317
0.024595
0.019156
0.207193
0.190549
0.191306
0.186566
0.201633
0.206108
0.196748
0.187914
0.189951
0.186240
0.197793
0.199960
0.197176
0.192958
0.176955
0.187704
0.195138
0.190299
0.215204
0.203228
0.185498
0.193319
0.202597
0.211078
0.188799
0.201773
0.198771
0.197501
0.208611
0.187240
0.184231
0.187969
0.199135
0.196103
0.193264
0.126322
0.140173
0.121843
0.119516
0.135381
0.122554
0.133340
0.124633
0.124966
0.130910
0.124718
0.118046
0.139174
0.124223
0.129233
0.131528
0.133747
0.118231
0.132783
0.112690
0.122506
0.133173
0.127174
0.128010
0.138813
0.117646
0.133854
0.125326
0.122019
0.114359
0.123394
0.125252
0.131350
0.124351
0.130202
0.294001
0.293816
0.357806
0.178087
0.284860
0.332123
0.194467
0.178495
0.357329
0.302135
0.372897
0.245262
0.344435
0.339213
0.311001
0.316991
0.196897
0.361270
0.353214
0.334655
0.354210
0.310241
0.339313
0.327076
0.314832
0.256059
0.186145
0.359662
0.401220
0.286097
0.313572
0.297488
0.292205
0.313635
0.290506
0.146723
0.105685
0.174787
0.169312
0.166462
0.162863
0.240560
0.167549
0.145148
0.212545
0.169947
0.160770
0.158488
0.135092
0.196493
0.189628
0.180131
0.172219
0.133866
0.182024
0.204836
0.124898
0.202427
0.151990
0.216068
0.169950
0.141050
0.204740
0.194398
0.142036
0.184671
0.165746
0.127660
0.137889
0.189863
0.003730
0.007896
0.004776
0.003911
0.004560
0.004070
0.005908
0.004041
0.005144
0.005637
0.006129
0.006338
0.004693
0.004318
0.004349
0.004322
0.004015
0.004297
0.006306
0.004998
0.004471
0.005204
0.005570
0.003927
0.003786
0.004830
0.004028
0.005201
0.003887
0.005261
0.004309
0.005646
0.004583
0.005263
0.005602
