0.011094
0.015888
0.009064
0.017281
0.029038
0.017175
0.009730
0.006469
0.009770
0.022701
0.023204
0.011729
0.008109
0.015550
0.006365
0.027574
0.009694
0.019839
0.021141
0.016282
0.020799
0.011257
0.028056
0.020679
0.027051
0.015192
0.006532
0.026541
0.012883
0.018610
0.011540
0.014969
0.017893
0.020206
0.023915
0.003608
0.001455
0.002215
0.001476
0.002186
0.003736
0.005350
0.001130
0.002658
0.001268
0.003326
0.003933
0.002946
0.001699
0.003018
0.001664
0.001024
0.001641
0.002128
0.003364
0.001109
0.002492
0.001473
0.003665
0.002528
0.001269
0.001395
0.001552
0.001584
0.005108
0.001323
0.001723
0.003807
0.003890
0.003314
0.001552
0.001706
0.002359
0.001851
0.002216
0.002440
0.002582
0.001741
0.001833
0.001506
0.000804
0.003857
0.003927
0.003120
0.002220
0.002315
0.002663
0.002740
0.001159
0.002726
0.001377
0.001937
0.001293
0.002829
0.001985
0.004944
0.002556
0.001394
0.006274
0.001655
0.003234
0.000850
0.002844
0.002319
0.001209
0.010733
0.013841
0.009471
0.011573
0.013488
0.010797
0.007998
0.015391
0.011274
0.013794
0.007380
0.016251
0.011166
0.010893
0.008360
0.012260
0.009114
0.007916
0.007748
0.010802
0.010586
0.015281
0.009975
0.008052
0.012557
0.008475
0.010816
0.023755
0.011929
0.008677
0.013197
0.008687
0.010740
0.009265
0.011386
0.000534
0.000608
0.000406
0.000510
0.000576
0.000534
0.000440
0.000457
0.000472
0.000580
0.000483
0.000390
0.000432
0.000483
0.000482
0.000511
0.000546
0.000815
0.000662
0.000593
0.000418
0.000351
0.000541
0.000478
0.000644
0.000436
0.000469
0.000497
0.000508
0.000467
0.000549
0.000447
0.000594
0.000514
0.000576
0.000367
0.000305
0.000299
0.000561
0.000287
0.000474
0.000330
0.000376
0.000342
0.000322
0.000405
0.000302
0.000404
0.000453
0.000313
0.000348
0.000341
0.000448
0.000256
0.000324
0.000282
0.000390
0.000347
0.000377
0.000302
0.000427
0.000323
0.000397
0.000260
0.000251
0.000427
0.000322
0.000376
0.000371
0.000407
0.000911
0.010888
0.019792
0.000821
0.005877
0.006160
0.000832
0.006229
0.011364
0.015881
0.011264
0.000923
0.005891
0.000945
0.000741
0.015476
0.005602
0.001011
0.000809
0.000624
0.000741
0.010842
0.000992
0.000858
0.006197
0.000824
0.000756
0.000984
0.010933
0.001017
0.006173
0.000798
0.010789
0.005885
0.000836
