0.101017
0.102191
0.086078
0.108497
0.089299
0.082469
0.096214
0.099225
0.083548
0.098643
0.102267
0.086412
0.066141
0.070915
0.087904
0.111167
0.097934
0.109255
0.083341
0.075379
0.088569
0.084451
0.121667
0.072739
0.113201
0.095862
0.087115
0.081975
0.102688
0.117822
0.097476
0.070143
0.093277
0.091098
0.099796
0.116214
0.087187
0.098076
0.102413
0.098359
0.079799
0.080494
0.090373
0.095570
0.087491
0.098535
0.087309
0.085465
0.089094
0.106706
0.104840
0.106633
0.075225
0.101784
0.070441
0.087912
0.102648
0.097430
0.094996
0.085861
0.116571
0.094215
0.125561
0.095444
0.081330
0.106473
0.104138
0.106633
0.126949
0.079018
0.218681
0.192197
0.211651
0.205456
0.182001
0.193985
0.216682
0.216682
0.197380
0.215820
0.169824
0.208698
0.214631
0.213644
0.193038
0.215333
0.199689
0.202784
0.207200
0.208466
0.205165
0.217755
0.221628
0.201816
0.197948
0.186871
0.215930
0.225087
0.210022
0.215052
0.209858
0.196589
0.212512
0.212322
0.209664
0.234078
0.211057
0.237989
0.236091
0.235148
0.232539
0.203472
0.223470
0.212862
0.218890
0.237016
0.226074
0.242404
0.224281
0.226137
0.232558
0.229406
0.248690
0.229893
0.234106
0.229276
0.213609
0.224316
0.218170
0.241031
0.216161
0.229650
0.239012
0.233162
0.217133
0.225760
0.229668
0.230927
0.225805
0.228984
0.354130
0.376414
0.343340
0.355895
0.362190
0.382546
0.381300
0.374424
0.393575
0.381029
0.372527
0.355740
0.370012
0.385972
0.370128
0.374064
0.371101
0.386979
0.379777
0.357092
0.363387
0.362723
0.376139
0.348274
0.372739
0.373763
0.398495
0.367887
0.384064
0.367298
0.343351
0.373398
0.345409
0.366896
0.374782
0.225477
0.247603
0.226138
0.214750
0.237588
0.227174
0.248980
0.227848
0.244730
0.250797
0.243651
0.240411
0.241880
0.235765
0.223425
0.200555
0.229160
0.246395
0.210091
0.227783
0.219342
0.226750
0.222704
0.240743
0.249113
0.253605
0.234167
0.233763
0.223508
0.224572
0.231980
0.209453
0.218886
0.231189
0.234977
0.201782
0.214680
0.202943
0.196150
0.202159
0.197830
0.191737
0.210558
0.208962
0.193047
0.202684
0.202546
0.200943
0.193111
0.204260
0.205667
0.207008
0.200442
0.184974
0.200663
0.198651
0.211986
0.196869
0.201399
0.198902
0.213717
0.196843
0.202868
0.202315
0.190678
0.200585
0.195120
0.205209
0.192557
0.202871
