0.041020
0.023226
0.064260
0.064598
0.023658
0.039008
0.051679
0.027609
0.037515
0.041472
0.043983
0.049857
0.019060
0.039226
0.067610
0.039762
0.032495
0.046033
0.052469
0.048933
0.047845
0.037754
0.043895
0.018260
0.050625
0.036511
0.055443
0.009197
0.039359
0.037688
0.045972
0.032128
0.051417
0.017087
0.036588
0.005991
0.010080
0.005306
0.011908
0.009404
0.013610
0.008845
0.009938
0.007490
0.006373
0.008767
0.009424
0.007137
0.009684
0.010736
0.004802
0.014748
0.006265
0.006061
0.006243
0.006542
0.007316
0.007783
0.005653
0.006228
0.014941
0.006250
0.006097
0.004752
0.007789
0.006294
0.007925
0.010026
0.010475
0.014174
0.203064
0.187094
0.191788
0.197578
0.203595
0.188527
0.202733
0.168721
0.204258
0.171987
0.196738
0.192553
0.222953
0.182908
0.204593
0.194260
0.179575
0.187494
0.190048
0.182377
0.198659
0.196222
0.176289
0.204800
0.189400
0.196729
0.209805
0.181729
0.183310
0.191505
0.208279
0.187196
0.185721
0.197774
0.188346
0.099826
0.091814
0.081632
0.095536
0.096867
0.093455
0.100583
0.101388
0.079627
0.095106
0.087808
0.085236
0.090920
0.088957
0.102706
0.094791
0.079955
0.090943
0.089873
0.087213
0.095013
0.090794
0.094905
0.095444
0.099011
0.088595
0.098788
0.093178
0.096639
0.105721
0.111652
0.095174
0.092077
0.094535
0.092536
0.259548
0.103958
0.256653
0.209417
0.211811
0.227822
0.177914
0.153820
0.246711
0.290980
0.235842
0.222949
0.094046
0.154426
0.172989
0.219270
0.217732
0.225866
0.110770
0.079211
0.329189
0.191665
0.199286
0.365378
0.160346
0.306993
0.191682
0.141029
0.232541
0.134726
0.207072
0.211956
0.194122
0.178196
0.263817
0.154109
0.163169
0.190444
0.154050
0.155189
0.120762
0.166075
0.182655
0.219168
0.100325
0.190493
0.186786
0.150748
0.134488
0.167342
0.181811
0.180314
0.185010
0.156128
0.188418
0.117331
0.147219
0.080984
0.154494
0.191477
0.204087
0.199279
0.207659
0.162397
0.159731
0.142812
0.125829
0.213675
0.128220
0.217888
0.003682
0.003828
0.002860
0.003564
0.002961
0.004005
0.003135
0.003334
0.003586
0.004165
0.003935
0.003883
0.003341
0.003534
0.002944
0.003451
0.003739
0.003621
0.002962
0.003314
0.002796
0.003964
0.003409
0.003691
0.003314
0.004024
0.003537
0.004227
0.004086
0.003062
0.003794
0.003688
0.003672
0.003526
0.003627
