0.019376
0.009642
0.011825
0.012959
0.007111
0.019513
0.014893
0.021057
0.014687
0.007910
0.013658
0.031420
0.016861
0.010005
0.023125
0.022878
0.007292
0.018029
0.017490
0.018355
0.018074
0.025679
0.018266
0.023485
0.023365
0.013432
0.018332
0.018584
0.021287
0.014270
0.012366
0.017494
0.012960
0.014985
0.022731
0.001481
0.017528
0.029690
0.010450
0.001847
0.001338
0.003917
0.001518
0.002753
0.011474
0.008470
0.007905
0.001866
0.008516
0.000992
0.004733
0.004959
0.005864
0.001506
0.001077
0.023421
0.000695
0.007720
0.004888
0.014613
0.003284
0.017510
0.008466
0.006414
0.004562
0.055188
0.001916
0.001894
0.011598
0.009793
0.002173
0.002023
0.002011
0.003501
0.001273
0.001337
0.001919
0.001535
0.001236
0.001806
0.000977
0.001535
0.002057
0.001589
0.002313
0.003515
0.002320
0.003865
0.001372
0.000606
0.005017
0.002728
0.001155
0.001626
0.002172
0.001803
0.000694
0.001939
0.001173
0.001550
0.002186
0.000641
0.001179
0.001606
0.002275
0.014765
0.006045
0.008723
0.029404
0.017308
0.010209
0.012714
0.012407
0.016302
0.013209
0.014138
0.010579
0.012751
0.014385
0.010448
0.014578
0.031571
0.013692
0.012224
0.013963
0.014641
0.012569
0.015204
0.010822
0.010401
0.011330
0.013456
0.009143
0.011785
0.011644
0.011555
0.014154
0.010968
0.013462
0.014492
0.000627
0.000574
0.000453
0.000508
0.000663
0.000462
0.000518
0.000679
0.000513
0.000462
0.000624
0.000486
0.000558
0.000522
0.000565
0.000463
0.000475
0.000492
0.000510
0.000504
0.000529
0.000636
0.000396
0.000639
0.000530
0.000547
0.000567
0.000504
0.000481
0.000757
0.000433
0.000547
0.000551
0.000483
0.000499
0.000427
0.000342
0.000421
0.000347
0.000285
0.000385
0.000288
0.000366
0.000421
0.000426
0.000269
0.000366
0.000367
0.000408
0.000362
0.000435
0.000312
0.000354
0.000425
0.000326
0.000290
0.000295
0.000358
0.000326
0.000411
0.000314
0.000372
0.000396
0.000267
0.000323
0.000328
0.000313
0.000295
0.000424
0.000303
0.015334
0.027445
0.019256
0.020070
0.023963
0.010833
0.027996
0.011095
0.031848
0.019785
0.024387
0.032360
0.019508
0.015128
0.027683
0.019127
0.024513
0.031874
0.010884
0.023917
0.019694
0.038896
0.032071
0.031258
0.031832
0.024497
0.015430
0.024253
0.023950
0.020134
0.024222
0.015307
0.024239
0.020542
0.043673
