0.002551
0.001974
0.003605
0.002334
0.003549
0.001754
0.002344
0.002635
0.003642
0.002181
0.002473
0.002729
0.003002
0.006364
0.002351
0.002512
0.003642
0.002296
0.002720
0.003321
0.002634
0.003775
0.002427
0.002779
0.002212
0.002073
0.003208
0.002514
0.002974
0.002595
0.002472
0.002777
0.002049
0.002833
0.001726
0.001354
0.001552
0.001465
0.001560
0.001475
0.001430
0.001234
0.001430
0.001221
0.001809
0.002831
0.001183
0.001638
0.001433
0.001353
0.001142
0.001516
0.001797
0.001573
0.002379
0.000905
0.001529
0.004420
0.001413
0.001298
0.001267
0.001324
0.001719
0.001171
0.001968
0.001998
0.001914
0.001435
0.001592
0.001374
0.214055
0.190919
0.209188
0.200146
0.203331
0.199598
0.208299
0.175861
0.202611
0.176713
0.204236
0.199658
0.218625
0.187629
0.207851
0.194166
0.177359
0.183597
0.197520
0.188234
0.203660
0.211595
0.181150
0.212051
0.185126
0.189745
0.205856
0.190530
0.181897
0.197684
0.203395
0.190066
0.194163
0.198461
0.198263
0.041677
0.038530
0.033755
0.037700
0.041812
0.039330
0.041239
0.040506
0.035023
0.036641
0.036864
0.035572
0.038299
0.036872
0.044136
0.038871
0.036944
0.039093
0.039518
0.037076
0.039699
0.039726
0.037915
0.040472
0.041159
0.039651
0.040906
0.040090
0.039734
0.042672
0.045898
0.041486
0.036791
0.041971
0.038059
0.260431
0.099693
0.257328
0.202948
0.223202
0.229151
0.180262
0.148855
0.247523
0.290958
0.236874
0.218472
0.093998
0.154427
0.173644
0.219641
0.216086
0.223495
0.102986
0.081300
0.329188
0.187632
0.202906
0.367097
0.161257
0.305451
0.196451
0.138194
0.234508
0.132561
0.205296
0.210905
0.193624
0.179672
0.268305
0.153630
0.163640
0.191432
0.153389
0.153874
0.114351
0.164787
0.182122
0.218976
0.100269
0.191820
0.185252
0.150768
0.133190
0.166343
0.181747
0.180001
0.183580
0.156077
0.187696
0.121190
0.146210
0.080873
0.155008
0.191453
0.203184
0.198079
0.203783
0.160518
0.159720
0.141007
0.125437
0.211915
0.124479
0.215223
0.001162
0.001092
0.000897
0.001080
0.000936
0.001000
0.001163
0.000964
0.001242
0.001224
0.001478
0.001288
0.000911
0.000863
0.000907
0.000943
0.001106
0.000903
0.000751
0.000974
0.000790
0.001213
0.000949
0.001174
0.000811
0.001283
0.001117
0.001018
0.001179
0.001064
0.001005
0.001048
0.000996
0.001334
0.001026
