0.072016
0.067576
0.070405
0.066171
0.066863
0.071057
0.068406
0.092023
0.068174
0.069332
0.065759
0.079618
0.073854
0.089724
0.075599
0.070290
0.070312
0.070580
0.064776
0.076947
0.069712
0.074333
0.078469
0.076009
0.074312
0.073557
0.078573
0.071868
0.075596
0.068030
0.072383
0.072037
0.063278
0.074468
0.081654
0.130846
0.121551
0.116331
0.122210
0.103840
0.099591
0.117075
0.107509
0.102875
0.116736
0.103139
0.095149
0.119589
0.079926
0.091010
0.099649
0.106500
0.135088
0.133736
0.106018
0.115436
0.121886
0.108688
0.130824
0.130894
0.101188
0.106832
0.097921
0.135139
0.102043
0.101992
0.100850
0.106869
0.123081
0.118752
0.206121
0.204817
0.208036
0.204869
0.188157
0.212616
0.204977
0.198179
0.199403
0.206272
0.191017
0.206892
0.210097
0.214960
0.202047
0.199113
0.204199
0.195455
0.202530
0.211194
0.198307
0.199418
0.191654
0.209284
0.207220
0.194184
0.209195
0.209214
0.198800
0.190303
0.205146
0.193748
0.214375
0.209071
0.197546
0.197035
0.195466
0.211846
0.208539
0.205230
0.205164
0.206421
0.201744
0.212365
0.209126
0.187071
0.208167
0.212664
0.202265
0.196920
0.207541
0.209365
0.221273
0.203188
0.195470
0.204496
0.207241
0.205205
0.202413
0.203610
0.200929
0.202783
0.209368
0.198625
0.204881
0.203958
0.191903
0.203642
0.203373
0.208905
0.408939
0.396449
0.379146
0.391544
0.407117
0.383958
0.410376
0.417611
0.395265
0.406325
0.393601
0.418031
0.392438
0.402564
0.405987
0.389323
0.411346
0.402324
0.388608
0.410641
0.396350
0.398637
0.381287
0.400147
0.370813
0.399233
0.375560
0.400119
0.390033
0.405888
0.416293
0.388455
0.376836
0.418837
0.406743
0.236888
0.236845
0.239069
0.234617
0.246642
0.225587
0.232921
0.219918
0.244483
0.233685
0.237636
0.228764
0.225956
0.229764
0.231182
0.227464
0.228944
0.229492
0.231667
0.238673
0.226795
0.244186
0.209996
0.237239
0.234008
0.225306
0.219404
0.250156
0.237547
0.228044
0.219224
0.239762
0.236172
0.230230
0.231458
0.193318
0.186897
0.184819
0.195404
0.186063
0.192112
0.188137
0.194289
0.191699
0.185939
0.184215
0.186818
0.189459
0.191203
0.187405
0.191454
0.192155
0.185234
0.190372
0.193267
0.185463
0.190003
0.176205
0.190531
0.183836
0.183945
0.189453
0.182158
0.180546
0.184782
0.190467
0.180551
0.191745
0.186367
0.193567
