0.020352
0.038763
0.049428
0.040260
0.059780
0.066488
0.056353
0.070651
0.051448
0.058495
0.051584
0.064221
0.071476
0.067080
0.074335
0.034617
0.065206
0.053514
0.064182
0.052023
0.036419
0.064273
0.080438
0.064846
0.042078
0.075135
0.053058
0.050733
0.081862
0.055377
0.064565
0.040793
0.060709
0.063157
0.081251
0.014651
0.012394
0.016680
0.014787
0.012603
0.012682
0.013774
0.011351
0.013287
0.011768
0.013129
0.014519
0.011351
0.011763
0.017532
0.012331
0.012890
0.013355
0.010244
0.010549
0.015831
0.013458
0.014166
0.012917
0.011277
0.012697
0.012716
0.013411
0.019471
0.012788
0.013398
0.014129
0.011464
0.014116
0.013824
0.225297
0.212969
0.222263
0.215195
0.239144
0.227511
0.227054
0.213871
0.216971
0.223704
0.217371
0.210491
0.215611
0.219032
0.225906
0.225514
0.229626
0.212525
0.217107
0.212495
0.213836
0.241904
0.230078
0.217957
0.220034
0.228656
0.211236
0.223042
0.217173
0.210044
0.207616
0.229360
0.228908
0.205446
0.218935
0.133663
0.117781
0.124689
0.125430
0.119625
0.125919
0.123204
0.128938
0.124044
0.130029
0.128706
0.118367
0.123573
0.127332
0.129160
0.135245
0.137151
0.131202
0.129781
0.126928
0.132997
0.129541
0.128695
0.133118
0.134279
0.131591
0.125795
0.117717
0.125530
0.132731
0.123684
0.126928
0.126939
0.134447
0.126097
0.541922
0.533054
0.517295
0.505661
0.543921
0.441921
0.500713
0.481635
0.486657
0.509449
0.527962
0.535750
0.506966
0.545551
0.516733
0.483917
0.575646
0.492747
0.515883
0.533245
0.484227
0.500344
0.553867
0.549007
0.482874
0.537977
0.534542
0.539523
0.567582
0.506500
0.525636
0.483878
0.529885
0.548426
0.559211
0.339438
0.313855
0.332148
0.333933
0.347230
0.324734
0.343844
0.339995
0.346190
0.318196
0.310451
0.311344
0.351568
0.350028
0.338280
0.333996
0.336204
0.318352
0.301890
0.330159
0.319927
0.336378
0.336325
0.333222
0.336098
0.346037
0.354477
0.347291
0.329051
0.337150
0.343114
0.347341
0.328070
0.320238
0.338063
0.009976
0.008612
0.008029
0.006976
0.006324
0.011864
0.007619
0.007650
0.008512
0.010664
0.008317
0.011852
0.008558
0.008178
0.009040
0.008413
0.010191
0.009259
0.009358
0.011522
0.007522
0.007790
0.007544
0.009644
0.007277
0.011566
0.008947
0.008812
0.007374
0.007571
0.009597
0.008723
0.008507
0.010502
0.008935
