0.205172
0.182739
0.195994
0.204234
0.198269
0.187231
0.197304
0.204184
0.204423
0.197975
0.205374
0.202052
0.204698
0.196596
0.207037
0.205917
0.192138
0.212317
0.199400
0.197475
0.206271
0.194067
0.207232
0.201980
0.200826
0.206761
0.202753
0.197497
0.199714
0.188386
0.202978
0.194644
0.211012
0.210499
0.203292
0.134216
0.139472
0.104559
0.149696
0.130965
0.141052
0.139770
0.139586
0.156938
0.139109
0.118011
0.140141
0.142101
0.118236
0.123226
0.132285
0.116696
0.139139
0.141148
0.144926
0.139254
0.126504
0.117903
0.132227
0.137185
0.136886
0.145752
0.140428
0.146223
0.148382
0.135173
0.154847
0.134202
0.133223
0.142862
0.145906
0.151640
0.149768
0.147958
0.144655
0.142882
0.151264
0.148414
0.152420
0.151123
0.160918
0.149897
0.148871
0.150258
0.147484
0.146379
0.160556
0.156483
0.161095
0.159255
0.153944
0.148295
0.162947
0.155254
0.147428
0.145738
0.147655
0.158235
0.144376
0.154000
0.155827
0.146880
0.154652
0.159778
0.142949
0.148764
0.147420
0.145838
0.147826
0.145574
0.151338
0.149246
0.149343
0.144711
0.157746
0.149074
0.148178
0.144757
0.156216
0.152451
0.154188
0.152291
0.156279
0.151069
0.150240
0.151352
0.149287
0.152099
0.153278
0.156783
0.148992
0.147943
0.150795
0.141916
0.159159
0.152262
0.147893
0.152058
0.142403
0.147546
0.498658
0.530688
0.512394
0.522082
0.501067
0.509962
0.533053
0.557941
0.538138
0.474229
0.533858
0.522395
0.532276
0.516325
0.510264
0.505794
0.531627
0.489949
0.535500
0.518648
0.531632
0.518183
0.514140
0.529463
0.522931
0.524884
0.476397
0.534215
0.519453
0.520397
0.533281
0.545344
0.508527
0.491249
0.587492
0.421648
0.419637
0.413852
0.435639
0.432903
0.417144
0.430079
0.414924
0.426568
0.415877
0.425305
0.431217
0.426758
0.410427
0.423310
0.421992
0.417555
0.425601
0.429214
0.399117
0.417281
0.399908
0.416459
0.424678
0.423833
0.412419
0.411644
0.427989
0.417487
0.410370
0.418476
0.401637
0.413793
0.405947
0.403693
0.136849
0.151370
0.130794
0.137580
0.141029
0.132566
0.148723
0.138178
0.145608
0.128646
0.134275
0.142931
0.131314
0.143591
0.138650
0.136782
0.149789
0.128134
0.134935
0.139468
0.131284
0.138667
0.140768
0.144627
0.130054
0.139731
0.141781
0.135576
0.137279
0.134788
0.129731
0.137647
0.150925
0.123952
0.144735
