0.013856
0.011109
0.008377
0.010544
0.010613
0.016781
0.014215
0.006902
0.011322
0.014474
0.010230
0.015293
0.017364
0.012903
0.010971
0.020575
0.013524
0.007308
0.019397
0.025705
0.019183
0.010229
0.010812
0.011411
0.010695
0.017872
0.012552
0.019322
0.011402
0.010234
0.023353
0.009466
0.010687
0.009290
0.012744
0.008935
0.009571
0.009443
0.008075
0.010847
0.009058
0.007123
0.008750
0.010464
0.009978
0.011507
0.008823
0.008576
0.009093
0.010464
0.009145
0.011127
0.006783
0.009295
0.008407
0.008735
0.008957
0.009805
0.007443
0.014625
0.009780
0.009737
0.007699
0.008713
0.009594
0.009863
0.011627
0.009168
0.007685
0.009381
0.221773
0.228974
0.221781
0.233754
0.240524
0.236975
0.233906
0.216261
0.232913
0.242793
0.237275
0.221968
0.224635
0.235878
0.222290
0.230674
0.222430
0.229943
0.232059
0.225905
0.220153
0.222640
0.226545
0.234166
0.200271
0.217742
0.228018
0.229313
0.233428
0.191439
0.222676
0.234283
0.236214
0.217622
0.212891
0.066320
0.062823
0.066455
0.067688
0.065488
0.059381
0.063947
0.066962
0.067157
0.069373
0.067806
0.063397
0.065718
0.063173
0.061110
0.071091
0.066884
0.064389
0.063916
0.064872
0.067617
0.067871
0.070873
0.060992
0.066401
0.065762
0.070280
0.066934
0.068878
0.065062
0.068479
0.063818
0.066516
0.064120
0.062674
0.588417
0.582725
0.560805
0.536385
0.578274
0.553131
0.571510
0.560091
0.581367
0.526588
0.568824
0.591321
0.547878
0.568743
0.602457
0.547675
0.577970
0.511187
0.561048
0.559549
0.566417
0.556944
0.599261
0.570206
0.544084
0.513828
0.509427
0.573805
0.554686
0.512409
0.535035
0.615567
0.587071
0.545089
0.540083
0.405860
0.274132
0.387562
0.386857
0.411833
0.371191
0.224781
0.382623
0.405396
0.394335
0.391848
0.405653
0.332132
0.416431
0.397901
0.390098
0.380867
0.393901
0.311406
0.387465
0.393009
0.386965
0.406223
0.402258
0.333644
0.399489
0.392765
0.381185
0.391971
0.417755
0.374549
0.392899
0.404559
0.383276
0.321572
0.003304
0.002686
0.005573
0.003274
0.003199
0.003399
0.002470
0.002222
0.002392
0.003834
0.005442
0.003597
0.002461
0.004781
0.003820
0.002078
0.004330
0.004382
0.002913
0.003729
0.003515
0.004041
0.002697
0.004330
0.003008
0.002241
0.004335
0.002798
0.003605
0.004174
0.005197
0.003841
0.003492
0.004030
0.002623
