0.355138
0.357632
0.355961
0.354481
0.360091
0.359065
0.356856
0.359155
0.356846
0.352651
0.356793
0.354897
0.355245
0.354673
0.359545
0.356424
0.358150
0.358431
0.355351
0.354687
0.360047
0.356003
0.352982
0.356069
0.356496
0.352284
0.356601
0.357024
0.355441
0.353256
0.353158
0.357209
0.353199
0.357416
0.355916
0.350566
0.352007
0.354563
0.351823
0.351728
0.350641
0.352715
0.353631
0.355615
0.352561
0.349363
0.353890
0.352174
0.351071
0.354189
0.352684
0.354114
0.352905
0.355221
0.351429
0.352229
0.352445
0.354723
0.353774
0.356755
0.354123
0.351321
0.352322
0.350714
0.348936
0.354337
0.352407
0.351988
0.355658
0.351000
0.352513
0.353496
0.351144
0.354471
0.354532
0.354998
0.358131
0.351367
0.354668
0.353269
0.350843
0.356692
0.352567
0.351450
0.353563
0.357126
0.352074
0.354790
0.353298
0.352254
0.353923
0.354273
0.356826
0.355133
0.353627
0.353382
0.353197
0.354691
0.356696
0.352741
0.351585
0.357457
0.359555
0.348383
0.352649
0.350061
0.349360
0.351047
0.349998
0.348057
0.351615
0.351316
0.347661
0.351719
0.348911
0.349804
0.349013
0.349041
0.349089
0.353680
0.350266
0.353262
0.348873
0.348545
0.349017
0.347799
0.351566
0.350111
0.347144
0.350101
0.347119
0.345987
0.350851
0.346919
0.349454
0.348844
0.349078
0.349652
0.347636
0.351501
0.448912
0.460698
0.429906
0.422506
0.446749
0.421377
0.445092
0.425025
0.432364
0.423884
0.432997
0.431245
0.431538
0.465118
0.441950
0.427276
0.459688
0.446744
0.442396
0.463634
0.419739
0.434114
0.444539
0.448063
0.438143
0.456416
0.448367
0.437802
0.461740
0.448830
0.442624
0.432294
0.460310
0.458028
0.457249
0.378983
0.380362
0.381308
0.379099
0.385486
0.381824
0.385242
0.384356
0.382722
0.377655
0.377209
0.383387
0.383886
0.379335
0.384404
0.385756
0.385616
0.378796
0.382025
0.376825
0.372818
0.382017
0.379228
0.379647
0.389104
0.387278
0.386428
0.388099
0.386648
0.381637
0.385130
0.388818
0.382459
0.378326
0.383534
0.354255
0.349388
0.353810
0.350202
0.351557
0.357911
0.354394
0.353500
0.351863
0.353760
0.354681
0.352472
0.350972
0.353496
0.353866
0.350871
0.354051
0.353863
0.350055
0.357554
0.353024
0.348740
0.351313
0.348066
0.353235
0.350612
0.353425
0.354441
0.352927
0.353212
0.353485
0.355460
0.353930
0.348268
0.353789
