0.073657
0.095349
0.069339
0.075078
0.080435
0.057851
0.074692
0.069721
0.078730
0.083609
0.075677
0.075449
0.072317
0.068159
0.069076
0.076542
0.079565
0.073092
0.091902
0.075720
0.072295
0.082699
0.074525
0.072287
0.073009
0.069628
0.069557
0.075495
0.074941
0.075111
0.065394
0.091322
0.086581
0.065665
0.087564
0.033667
0.046669
0.036783
0.032529
0.039303
0.041062
0.042937
0.057202
0.042608
0.037328
0.043299
0.040835
0.045562
0.044885
0.040383
0.050124
0.038713
0.044472
0.046484
0.044946
0.039667
0.038762
0.041066
0.045780
0.045877
0.042142
0.037950
0.037616
0.038921
0.053954
0.051186
0.043384
0.036429
0.046511
0.044398
0.048418
0.042749
0.051460
0.047103
0.047503
0.044825
0.046634
0.048681
0.039122
0.046694
0.045366
0.046783
0.047354
0.042911
0.043895
0.045905
0.049570
0.043733
0.037293
0.047083
0.050468
0.041979
0.050599
0.044270
0.050406
0.044781
0.041090
0.051661
0.048677
0.044979
0.044769
0.042066
0.042758
0.040261
0.051103
0.164579
0.181129
0.184577
0.173159
0.171995
0.158211
0.171055
0.180045
0.175560
0.177916
0.181982
0.170295
0.186103
0.170066
0.172877
0.159078
0.174765
0.174132
0.184567
0.174227
0.180875
0.180609
0.185121
0.170850
0.178020
0.168107
0.190819
0.180070
0.163438
0.159194
0.172365
0.173979
0.177109
0.175793
0.177370
0.031158
0.023769
0.028645
0.034059
0.023340
0.027169
0.044184
0.027433
0.032205
0.032436
0.039136
0.050578
0.035948
0.032547
0.018978
0.035256
0.038360
0.032375
0.027815
0.037092
0.023075
0.025434
0.028864
0.036637
0.043937
0.021592
0.031997
0.017807
0.039978
0.039296
0.024394
0.024127
0.036147
0.029361
0.035493
0.045483
0.049385
0.060479
0.028456
0.036315
0.037520
0.034285
0.029616
0.093537
0.028149
0.040587
0.040386
0.041352
0.041011
0.041557
0.029042
0.039848
0.032861
0.092383
0.059440
0.033577
0.032356
0.054431
0.048884
0.024345
0.033374
0.032785
0.038154
0.060132
0.100038
0.030988
0.075574
0.059199
0.063462
0.039054
0.069648
0.068479
0.071081
0.073682
0.076608
0.068939
0.069592
0.059035
0.072759
0.070823
0.073179
0.071226
0.073453
0.075499
0.064035
0.068738
0.070676
0.081991
0.063152
0.071867
0.067185
0.075165
0.066288
0.065270
0.076504
0.070505
0.071798
0.071969
0.073480
0.066459
0.069184
0.069119
0.071542
0.081428
0.071208
