0.048843
0.066637
0.041804
0.077105
0.074109
0.057157
0.043491
0.072560
0.067404
0.078899
0.050427
0.065817
0.043715
0.060068
0.061234
0.068690
0.072722
0.062198
0.062134
0.055534
0.042296
0.076058
0.065432
0.072166
0.083828
0.051639
0.058123
0.058699
0.044969
0.063701
0.103731
0.058968
0.086965
0.058523
0.080856
0.014494
0.015178
0.016394
0.014621
0.018558
0.016056
0.016306
0.016661
0.017102
0.013338
0.014787
0.012878
0.013996
0.014409
0.015503
0.014980
0.015704
0.016664
0.014293
0.014742
0.014812
0.014444
0.017207
0.012416
0.015578
0.017376
0.014537
0.014414
0.015647
0.015082
0.013541
0.015971
0.014889
0.013952
0.017866
0.232223
0.236334
0.227308
0.231520
0.233588
0.247008
0.247785
0.214597
0.231554
0.244880
0.231786
0.230393
0.215674
0.223865
0.229782
0.220930
0.221862
0.226589
0.227365
0.243059
0.215608
0.216102
0.226409
0.231450
0.225289
0.220862
0.212959
0.235883
0.228714
0.206255
0.229630
0.239318
0.238218
0.220403
0.215901
0.111900
0.106091
0.110093
0.111587
0.112955
0.094962
0.107268
0.109369
0.111671
0.117252
0.115843
0.108419
0.103756
0.101348
0.103901
0.120212
0.106913
0.108800
0.111441
0.105436
0.107534
0.113993
0.112596
0.106055
0.114685
0.107545
0.116100
0.114675
0.116721
0.100580
0.115052
0.106820
0.106984
0.104132
0.099687
0.598937
0.580227
0.559341
0.539870
0.597452
0.555193
0.585177
0.565672
0.590552
0.544256
0.582292
0.595926
0.551177
0.583215
0.608207
0.561056
0.574640
0.549592
0.550162
0.560345
0.582828
0.562622
0.603594
0.580869
0.550907
0.520071
0.515111
0.577959
0.563185
0.554010
0.579996
0.620667
0.600727
0.556056
0.544831
0.409805
0.413269
0.401108
0.404438
0.416994
0.411768
0.269324
0.409606
0.407397
0.403758
0.408073
0.410668
0.417939
0.419783
0.413026
0.405064
0.417082
0.405563
0.417035
0.400376
0.418304
0.411399
0.411701
0.415216
0.402551
0.406916
0.416281
0.389584
0.411626
0.419825
0.404892
0.402666
0.410272
0.396904
0.409080
0.006788
0.007141
0.007604
0.007448
0.008812
0.005692
0.007153
0.006680
0.005959
0.006411
0.005859
0.006392
0.007142
0.006799
0.006098
0.008072
0.006883
0.008303
0.006750
0.008297
0.006655
0.008904
0.007650
0.007612
0.008941
0.006518
0.008031
0.009067
0.007011
0.006746
0.007836
0.006596
0.007935
0.006553
0.006995
