0.408057
0.407997
0.407832
0.407528
0.407866
0.407293
0.407863
0.406376
0.408802
0.406846
0.408041
0.408458
0.407085
0.408323
0.408766
0.408428
0.407041
0.409012
0.407961
0.409113
0.407501
0.408767
0.407615
0.406687
0.409185
0.407093
0.408123
0.407596
0.407056
0.409295
0.407951
0.408977
0.408506
0.409351
0.408371
0.408057
0.407997
0.407832
0.407528
0.407866
0.407293
0.407863
0.406376
0.408802
0.406846
0.408041
0.408458
0.407085
0.408323
0.408766
0.408428
0.407041
0.409012
0.407961
0.409113
0.407501
0.408767
0.407615
0.406687
0.409185
0.407093
0.408123
0.407596
0.407056
0.409295
0.407951
0.408977
0.408506
0.409351
0.408371
0.408057
0.407997
0.407832
0.407528
0.407866
0.407293
0.407863
0.406376
0.408802
0.406846
0.408041
0.408458
0.407085
0.408323
0.408766
0.408428
0.407041
0.409012
0.407961
0.409113
0.407501
0.408767
0.407615
0.406687
0.409185
0.407093
0.408123
0.407596
0.407056
0.409295
0.407951
0.408977
0.408506
0.409351
0.408371
0.408057
0.407997
0.407832
0.407528
0.407866
0.407293
0.407863
0.406376
0.408802
0.406846
0.408041
0.408458
0.407085
0.408323
0.408766
0.408428
0.407041
0.409012
0.407961
0.409113
0.407501
0.408767
0.407615
0.406687
0.409185
0.407093
0.408123
0.407596
0.407056
0.409295
0.407951
0.408977
0.408506
0.409351
0.408371
0.408057
0.407997
0.407832
0.407528
0.407866
0.407293
0.407863
0.406376
0.408802
0.406846
0.408041
0.408458
0.407085
0.408323
0.408766
0.408428
0.407041
0.409012
0.407961
0.409113
0.407501
0.408767
0.407615
0.406687
0.409185
0.407093
0.408123
0.407596
0.407056
0.409295
0.407951
0.408977
0.408506
0.409351
0.408371
0.408057
0.407997
0.407832
0.407528
0.407866
0.407293
0.407863
0.406376
0.408802
0.406846
0.408041
0.408458
0.407085
0.408323
0.408766
0.408428
0.407041
0.409012
0.407961
0.409113
0.407501
0.408767
0.407615
0.406687
0.409185
0.407093
0.408123
0.407596
0.407056
0.409295
0.407951
0.408977
0.408506
0.409351
0.408371
0.408057
0.407997
0.407832
0.407528
0.407866
0.407293
0.407863
0.406376
0.408802
0.406846
0.408041
0.408458
0.407085
0.408323
0.408766
0.408428
0.407041
0.409012
0.407961
0.409113
0.407501
0.408767
0.407615
0.406687
0.409185
0.407093
0.408123
0.407596
0.407056
0.409295
0.407951
0.408977
0.408506
0.409351
0.408371
