0.052909
0.029806
0.067176
0.084246
0.076478
0.067675
0.069253
0.051682
0.046963
0.025277
0.044112
0.039937
0.050528
0.042385
0.067815
0.026471
0.059792
0.049908
0.065697
0.038690
0.057518
0.056828
0.090832
0.047283
0.051491
0.067864
0.057793
0.065479
0.068731
0.060668
0.081950
0.033761
0.064958
0.048131
0.072141
0.001666
0.001807
0.001776
0.001858
0.001926
0.001837
0.001839
0.001979
0.001818
0.002027
0.001568
0.002012
0.002073
0.001890
0.001778
0.001805
0.001612
0.001682
0.002178
0.002117
0.002043
0.001682
0.001834
0.002228
0.001760
0.001832
0.001572
0.002514
0.001741
0.001802
0.001916
0.001817
0.002076
0.001959
0.001845
0.004646
0.005483
0.003788
0.003939
0.004713
0.004248
0.005097
0.003695
0.004571
0.003450
0.004224
0.003457
0.002993
0.004295
0.004160
0.005359
0.005105
0.003161
0.003889
0.003362
0.003898
0.004188
0.004093
0.003257
0.003582
0.004208
0.004099
0.003263
0.004738
0.005090
0.004160
0.003534
0.004255
0.005633
0.004020
0.058647
0.057730
0.052644
0.050803
0.058286
0.058053
0.058543
0.055851
0.063660
0.061319
0.042429
0.061230
0.053365
0.059236
0.059546
0.061701
0.057438
0.058001
0.060923
0.057323
0.059222
0.057434
0.064674
0.055163
0.055458
0.061656
0.057333
0.062575
0.060826
0.058433
0.053168
0.056476
0.060791
0.059843
0.059620
0.463943
0.515546
0.496664
0.515014
0.467649
0.428400
0.515626
0.536530
0.534123
0.464186
0.536384
0.508271
0.523158
0.503516
0.468349
0.337338
0.529775
0.483893
0.498357
0.514311
0.449147
0.521411
0.492110
0.476578
0.530587
0.521700
0.458977
0.498238
0.519829
0.500047
0.342666
0.537939
0.495688
0.473976
0.582086
0.411373
0.350095
0.039615
0.150679
0.393705
0.021653
0.159605
0.193011
0.041182
0.326551
0.348718
0.382898
0.395870
0.365532
0.071878
0.008620
0.342538
0.351781
0.329180
0.171001
0.008170
0.271293
0.007571
0.308591
0.103740
0.390673
0.017568
0.273067
0.329053
0.116628
0.322706
0.303887
0.205368
0.332378
0.158734
0.000959
0.001156
0.001039
0.000975
0.000905
0.000896
0.000958
0.000973
0.001309
0.000934
0.001006
0.001100
0.000841
0.001118
0.001510
0.001339
0.000997
0.001084
0.000928
0.001010
0.001179
0.001070
0.001116
0.000939
0.001153
0.000964
0.001245
0.001047
0.000898
0.001154
0.000929
0.001001
0.000909
0.000805
0.000954
