0.346538
0.345606
0.344505
0.344059
0.345174
0.347197
0.348109
0.345965
0.345609
0.346109
0.345991
0.348999
0.347101
0.348507
0.348320
0.346395
0.343657
0.347734
0.345750
0.346339
0.345214
0.345959
0.346708
0.347812
0.349292
0.345164
0.345367
0.343834
0.346541
0.345692
0.346825
0.344551
0.347492
0.346306
0.347847
0.348228
0.347749
0.345100
0.346206
0.347109
0.346971
0.347938
0.347088
0.344948
0.346112
0.346280
0.346775
0.348092
0.345285
0.348297
0.349903
0.344357
0.347390
0.346012
0.348412
0.346526
0.346527
0.344652
0.348380
0.346604
0.344027
0.347698
0.347751
0.347228
0.346931
0.349462
0.346121
0.346572
0.345460
0.346210
0.344902
0.348163
0.345505
0.345166
0.345070
0.348395
0.345763
0.346650
0.347014
0.345273
0.348049
0.346884
0.344538
0.345743
0.349792
0.342598
0.346251
0.345161
0.344922
0.345224
0.348440
0.347000
0.348006
0.346758
0.347628
0.343658
0.346007
0.347120
0.344917
0.346986
0.345573
0.343609
0.346449
0.347727
0.346827
0.344889
0.347164
0.345497
0.345555
0.343930
0.345669
0.344480
0.346421
0.343794
0.345697
0.344498
0.342182
0.343013
0.346336
0.344973
0.345056
0.345716
0.345814
0.345551
0.345377
0.346335
0.344605
0.346065
0.346449
0.346363
0.345324
0.347038
0.344533
0.344396
0.345934
0.344320
0.345815
0.344844
0.346670
0.345225
0.395643
0.389731
0.396195
0.393621
0.393219
0.385670
0.395219
0.399100
0.401939
0.383813
0.379791
0.384258
0.393892
0.390956
0.391145
0.395040
0.387506
0.390815
0.394975
0.384235
0.391013
0.385197
0.389617
0.378079
0.397402
0.384868
0.391829
0.394404
0.389300
0.393116
0.396208
0.387934
0.390628
0.400666
0.389154
0.356709
0.357720
0.354780
0.356014
0.352855
0.353965
0.357113
0.355831
0.356361
0.352213
0.355030
0.352918
0.353487
0.354542
0.353824
0.353154
0.351436
0.357876
0.355122
0.359475
0.355600
0.354775
0.358470
0.357517
0.350039
0.356172
0.355332
0.354265
0.356140
0.356316
0.354469
0.353863
0.357136
0.356183
0.358221
0.347189
0.348302
0.349895
0.349183
0.348261
0.349553
0.347344
0.347253
0.350806
0.347875
0.350826
0.351062
0.348558
0.349126
0.347629
0.347743
0.347779
0.348522
0.349085
0.348464
0.349315
0.347770
0.348126
0.346535
0.349085
0.350811
0.349618
0.349101
0.347797
0.347757
0.349354
0.348091
0.349348
0.348350
0.349988
