0.004801
0.004362
0.002704
0.009402
0.003961
0.001583
0.006628
0.004171
0.001632
0.004036
0.002965
0.001528
0.005062
0.004533
0.001385
0.003911
0.005617
0.001810
0.000482
0.003446
0.006875
0.005812
0.003810
0.001949
0.001841
0.002476
0.003413
0.010331
0.005169
0.001262
0.003819
0.005261
0.003918
0.001952
0.001662
0.000485
0.000305
0.000321
0.000217
0.000219
0.000225
0.000411
0.000263
0.000274
0.000346
0.000190
0.000245
0.000181
0.000355
0.000238
0.000448
0.000255
0.000468
0.000261
0.000320
0.000232
0.000243
0.000535
0.000306
0.000330
0.000267
0.000356
0.000410
0.000337
0.000222
0.000391
0.000302
0.000233
0.000318
0.000336
0.000905
0.001075
0.000867
0.000929
0.001216
0.001003
0.000874
0.001133
0.000836
0.000986
0.001155
0.000763
0.000950
0.001157
0.000837
0.001132
0.000972
0.001096
0.000845
0.000791
0.000799
0.000756
0.001076
0.000827
0.001146
0.001040
0.001422
0.000968
0.000969
0.000888
0.000957
0.000954
0.000789
0.001124
0.001000
0.022533
0.020575
0.021116
0.021226
0.021395
0.022960
0.022692
0.020362
0.021909
0.023093
0.018797
0.021946
0.021838
0.021901
0.021888
0.022261
0.021204
0.022104
0.023957
0.022634
0.022417
0.024949
0.022518
0.021053
0.021670
0.024206
0.023024
0.023774
0.021991
0.022264
0.022190
0.022421
0.023154
0.024524
0.022338
0.394621
0.514225
0.468369
0.510168
0.472605
0.370973
0.476569
0.517434
0.540457
0.461677
0.529264
0.515510
0.501924
0.479537
0.151354
0.226389
0.504293
0.479354
0.455901
0.482202
0.395018
0.520483
0.020325
0.072132
0.527556
0.513207
0.451688
0.432305
0.511813
0.486102
0.167610
0.532642
0.489213
0.451342
0.542537
0.222313
0.008137
0.009369
0.006840
0.016668
0.200911
0.247084
0.238263
0.178496
0.048273
0.054797
0.060243
0.007566
0.128807
0.032114
0.008260
0.017811
0.102219
0.023145
0.247995
0.007808
0.058096
0.007198
0.183416
0.008225
0.017524
0.008051
0.113935
0.263889
0.017837
0.095447
0.040954
0.016495
0.006880
0.108891
0.000243
0.000267
0.000280
0.000275
0.000257
0.000276
0.000288
0.000265
0.000276
0.000248
0.000250
0.000283
0.000256
0.000269
0.000312
0.000349
0.000248
0.000241
0.000231
0.000324
0.000268
0.000311
0.000283
0.000245
0.000293
0.000326
0.000253
0.000272
0.000364
0.000262
0.000282
0.000255
0.000340
0.000270
0.000241
