0.163886
0.155853
0.170731
0.148509
0.162434
0.173900
0.150459
0.168943
0.150271
0.174038
0.160325
0.176723
0.147503
0.151580
0.158918
0.146893
0.165601
0.169674
0.161558
0.175524
0.159234
0.164991
0.147360
0.171067
0.165015
0.148484
0.165630
0.151736
0.163708
0.160744
0.153582
0.166756
0.175576
0.149612
0.156518
0.114628
0.129204
0.089122
0.107581
0.100027
0.113673
0.115358
0.100041
0.110126
0.113394
0.103120
0.100504
0.110253
0.122438
0.127786
0.117134
0.104426
0.106303
0.105859
0.093004
0.112254
0.115113
0.099855
0.104019
0.100436
0.097665
0.103217
0.111356
0.109250
0.118853
0.109983
0.106358
0.107589
0.111055
0.118131
0.151973
0.153944
0.168184
0.164229
0.179292
0.159053
0.168096
0.163025
0.162018
0.156143
0.163806
0.173997
0.157277
0.161655
0.153633
0.174057
0.158603
0.165552
0.166558
0.162108
0.182414
0.157071
0.151173
0.159107
0.145793
0.161478
0.162210
0.169798
0.160003
0.150147
0.173226
0.171535
0.158204
0.160977
0.170677
0.242684
0.241328
0.238787
0.242503
0.247993
0.240034
0.242799
0.239877
0.245262
0.246752
0.245618
0.247196
0.238661
0.234287
0.242629
0.247092
0.242575
0.242388
0.246726
0.247685
0.245188
0.247742
0.241664
0.246521
0.239529
0.243429
0.244177
0.235006
0.256424
0.247150
0.243992
0.240620
0.250246
0.251882
0.239565
0.409447
0.393949
0.403286
0.411919
0.386328
0.370509
0.426049
0.397012
0.401066
0.389600
0.390165
0.327668
0.406199
0.405094
0.381014
0.412261
0.400166
0.357874
0.361366
0.391835
0.348838
0.375472
0.383303
0.403170
0.411813
0.383627
0.399116
0.372208
0.388891
0.380877
0.435634
0.382935
0.377020
0.413258
0.396024
0.298753
0.289548
0.270917
0.298395
0.279351
0.277247
0.297203
0.278831
0.285351
0.290535
0.290083
0.284905
0.287767
0.273663
0.285903
0.289798
0.283243
0.285550
0.283179
0.297091
0.284207
0.274301
0.289218
0.284492
0.277140
0.292264
0.276649
0.290066
0.290044
0.293096
0.292254
0.289579
0.302392
0.288488
0.298374
0.197653
0.201547
0.196980
0.208513
0.195432
0.193952
0.203609
0.201376
0.209654
0.204346
0.206521
0.197185
0.199773
0.196335
0.194270
0.205613
0.194687
0.196618
0.199908
0.202945
0.207891
0.204000
0.196594
0.198202
0.198487
0.194162
0.198838
0.208272
0.211486
0.208545
0.208378
0.204989
0.201083
0.198195
0.210096
