0.038175
0.020637
0.035054
0.040872
0.039920
0.015139
0.021870
0.038433
0.026731
0.043628
0.040904
0.037392
0.033870
0.025275
0.051478
0.029303
0.021087
0.033292
0.034350
0.033413
0.024439
0.025786
0.041498
0.023407
0.025286
0.032645
0.019315
0.026440
0.036089
0.021048
0.036776
0.043033
0.028740
0.036760
0.036701
0.001678
0.001315
0.001370
0.002603
0.002040
0.001841
0.002262
0.002243
0.002329
0.001686
0.002172
0.001767
0.001656
0.001748
0.002044
0.001461
0.001848
0.001404
0.002012
0.002354
0.002310
0.005554
0.002092
0.002103
0.002120
0.001896
0.002824
0.002299
0.003602
0.002175
0.001289
0.002202
0.001893
0.002077
0.001662
0.006092
0.005477
0.004321
0.004507
0.006844
0.005265
0.004568
0.004644
0.005550
0.004806
0.004975
0.004551
0.005664
0.005726
0.005111
0.005223
0.005213
0.005208
0.005585
0.004624
0.004600
0.004651
0.004964
0.004715
0.006691
0.004850
0.004789
0.004933
0.006011
0.005395
0.005513
0.004871
0.005165
0.004233
0.005795
0.081659
0.072434
0.064826
0.069092
0.067414
0.078020
0.070321
0.079010
0.077185
0.077146
0.082854
0.073863
0.072703
0.076370
0.081201
0.075206
0.076407
0.080622
0.080467
0.080393
0.070674
0.075598
0.075735
0.075035
0.077724
0.081701
0.084972
0.073570
0.071649
0.080860
0.069639
0.084995
0.076150
0.075443
0.077490
0.180816
0.184993
0.197985
0.253146
0.193271
0.054192
0.148645
0.186201
0.077356
0.308791
0.422583
0.328323
0.138054
0.225212
0.271291
0.203235
0.193310
0.183770
0.133219
0.334301
0.163090
0.245999
0.198874
0.283257
0.190634
0.190856
0.280660
0.137360
0.195791
0.158327
0.329476
0.342506
0.232955
0.208453
0.310150
0.222240
0.228005
0.141399
0.347883
0.273024
0.315813
0.122793
0.185566
0.056578
0.113100
0.008179
0.007918
0.121427
0.168894
0.168167
0.038808
0.198433
0.271308
0.326981
0.011539
0.154383
0.188272
0.322958
0.345825
0.339979
0.349649
0.268672
0.276590
0.322285
0.343318
0.109878
0.264330
0.313296
0.315157
0.182354
0.002146
0.002590
0.001949
0.002405
0.002017
0.002236
0.002496
0.002285
0.002097
0.001722
0.002244
0.002087
0.002351
0.002998
0.001965
0.001974
0.002544
0.002183
0.002265
0.003226
0.002698
0.001901
0.002109
0.002062
0.002128
0.001816
0.001837
0.002094
0.002294
0.002218
0.001901
0.002199
0.002428
0.002079
0.002854
