0.125964
0.126042
0.146209
0.138138
0.140829
0.153698
0.143191
0.139440
0.143374
0.147593
0.131389
0.135590
0.131662
0.138639
0.159248
0.115807
0.152579
0.130568
0.162167
0.134965
0.164816
0.156315
0.141471
0.138993
0.130548
0.148437
0.138149
0.147144
0.157874
0.158487
0.134587
0.159702
0.125196
0.131437
0.154843
0.044420
0.054915
0.050562
0.050341
0.054208
0.048597
0.057182
0.051195
0.045323
0.053136
0.046110
0.051570
0.054175
0.054947
0.058604
0.051048
0.058075
0.058516
0.060130
0.055272
0.053304
0.056583
0.052255
0.052949
0.064768
0.046765
0.052262
0.058974
0.055927
0.057176
0.055443
0.060364
0.055781
0.056233
0.057522
0.200715
0.218769
0.189478
0.186609
0.191946
0.201962
0.206155
0.195226
0.207385
0.203344
0.193159
0.175525
0.199014
0.203197
0.200769
0.180512
0.224426
0.187279
0.200382
0.195774
0.192269
0.210373
0.207151
0.201240
0.199867
0.185326
0.181544
0.207945
0.202457
0.184717
0.202832
0.177677
0.197513
0.193234
0.207007
0.208305
0.185600
0.194695
0.188143
0.193126
0.190884
0.190251
0.195396
0.188182
0.200033
0.190409
0.191038
0.201433
0.198702
0.192683
0.199491
0.204048
0.198455
0.198294
0.196411
0.196892
0.197541
0.202316
0.197482
0.198607
0.193935
0.191549
0.187995
0.194838
0.201707
0.193667
0.197299
0.202762
0.203012
0.197943
0.538780
0.548895
0.518480
0.500807
0.536676
0.439553
0.483581
0.481179
0.475210
0.498434
0.520277
0.517033
0.495480
0.547380
0.503993
0.486963
0.563572
0.477659
0.513124
0.544479
0.468102
0.504934
0.536373
0.543743
0.484402
0.528382
0.520752
0.528182
0.569942
0.499224
0.532408
0.474378
0.536938
0.536464
0.552703
0.350871
0.338486
0.341472
0.345473
0.351499
0.339007
0.352779
0.352610
0.355752
0.332473
0.332305
0.346290
0.359652
0.357823
0.354279
0.363728
0.353091
0.338533
0.344986
0.342634
0.336983
0.360586
0.344830
0.346514
0.356745
0.356360
0.360897
0.356303
0.350142
0.354152
0.356774
0.355436
0.347986
0.341008
0.356010
0.067436
0.065576
0.067959
0.064970
0.056922
0.062483
0.061613
0.061288
0.065873
0.063928
0.059530
0.069881
0.069310
0.068478
0.061279
0.067966
0.071793
0.069040
0.061931
0.070700
0.062122
0.066552
0.062591
0.070847
0.061993
0.063059
0.062219
0.062004
0.064467
0.064682
0.061175
0.065310
0.064210
0.062740
0.063205
