0.057775
0.069894
0.057221
0.044472
0.056306
0.048452
0.070228
0.057224
0.051851
0.072263
0.035663
0.052178
0.063594
0.060523
0.049738
0.069892
0.068880
0.056333
0.040306
0.037595
0.060974
0.057886
0.060763
0.056936
0.065021
0.068521
0.061867
0.064622
0.060912
0.052568
0.042341
0.077114
0.055031
0.063842
0.064405
0.015678
0.025280
0.019536
0.020518
0.016541
0.020691
0.019778
0.024203
0.016183
0.022410
0.022058
0.014640
0.015034
0.018604
0.013819
0.021906
0.015122
0.014273
0.020222
0.018107
0.035960
0.021485
0.020989
0.024696
0.016545
0.023709
0.017881
0.035940
0.028613
0.028985
0.014122
0.022409
0.029773
0.018631
0.026232
0.018240
0.023850
0.023519
0.023870
0.025275
0.023003
0.021695
0.027205
0.023104
0.020839
0.021930
0.022972
0.021421
0.021407
0.024803
0.028221
0.026256
0.022301
0.019648
0.019004
0.021686
0.022382
0.021316
0.024456
0.023484
0.016737
0.019855
0.024390
0.020273
0.027063
0.021258
0.022864
0.019535
0.019362
0.023587
0.138080
0.139048
0.137497
0.145085
0.140589
0.140561
0.137757
0.144194
0.136258
0.147643
0.135163
0.143125
0.150247
0.144448
0.136574
0.144139
0.139742
0.133393
0.131094
0.138781
0.143751
0.149294
0.131032
0.142535
0.145038
0.150693
0.134946
0.140318
0.142230
0.138044
0.147857
0.141212
0.144755
0.152702
0.144370
0.060742
0.028171
0.047078
0.038895
0.041145
0.048261
0.068339
0.027019
0.032253
0.052198
0.053375
0.043768
0.033870
0.035166
0.039651
0.038273
0.030416
0.035437
0.056221
0.032447
0.040077
0.048481
0.055566
0.057084
0.045855
0.059101
0.048309
0.026537
0.064567
0.031347
0.044607
0.054073
0.043698
0.033572
0.053334
0.123598
0.096341
0.071417
0.051860
0.065153
0.136432
0.032406
0.191605
0.034159
0.037579
0.174726
0.073180
0.109293
0.074015
0.096715
0.099034
0.171388
0.094959
0.097815
0.047975
0.117074
0.161575
0.103368
0.091142
0.142910
0.099926
0.051957
0.161899
0.095902
0.100633
0.079376
0.013313
0.112655
0.163003
0.191647
0.013536
0.012517
0.013296
0.012058
0.013044
0.013804
0.012501
0.014470
0.012242
0.012383
0.011574
0.011841
0.011894
0.014543
0.012690
0.012609
0.011323
0.013043
0.012486
0.013559
0.012433
0.013775
0.012905
0.012672
0.013024
0.013106
0.013235
0.011630
0.012255
0.013609
0.011954
0.011893
0.014094
0.011456
0.014420
