0.120751
0.117139
0.112854
0.123442
0.139303
0.117330
0.127674
0.151527
0.122700
0.119226
0.120469
0.127515
0.123903
0.136580
0.126618
0.126627
0.125889
0.134908
0.134333
0.120860
0.116721
0.125050
0.127209
0.127772
0.129329
0.128366
0.117710
0.123272
0.129827
0.136701
0.126545
0.119102
0.123962
0.128505
0.134847
0.037518
0.044499
0.030120
0.047924
0.046006
0.049351
0.047417
0.042156
0.038731
0.042482
0.037241
0.038423
0.045866
0.060308
0.036410
0.033340
0.058983
0.031125
0.049828
0.038445
0.035954
0.040416
0.045342
0.049334
0.056094
0.036876
0.053922
0.046681
0.035751
0.047158
0.036200
0.055817
0.041599
0.037924
0.041006
0.022978
0.031838
0.030982
0.029544
0.030410
0.023534
0.022359
0.031197
0.025865
0.027531
0.027478
0.034309
0.024647
0.020620
0.025497
0.026254
0.024146
0.029460
0.029800
0.023729
0.030041
0.026499
0.029195
0.030834
0.022605
0.029559
0.025328
0.033404
0.029755
0.024511
0.023273
0.024460
0.027603
0.030884
0.027679
0.149905
0.142021
0.153438
0.144142
0.144071
0.148532
0.139008
0.145160
0.148206
0.140123
0.147795
0.147963
0.135885
0.140979
0.154662
0.141269
0.135872
0.138034
0.141745
0.144579
0.149885
0.144723
0.142373
0.138182
0.134062
0.146195
0.148962
0.143781
0.153628
0.154104
0.146940
0.146088
0.145069
0.148984
0.150003
0.283114
0.359703
0.303504
0.303767
0.299549
0.235749
0.296648
0.287003
0.238351
0.376446
0.417557
0.376159
0.250305
0.302697
0.358459
0.349968
0.350699
0.337307
0.195005
0.399595
0.308026
0.308789
0.296881
0.372679
0.324190
0.300295
0.379507
0.311255
0.269579
0.270296
0.386376
0.389015
0.305554
0.330933
0.396044
0.358905
0.341910
0.318842
0.359619
0.340397
0.355447
0.358206
0.375512
0.338363
0.325126
0.311881
0.308874
0.343478
0.340340
0.346776
0.338381
0.295860
0.352079
0.349832
0.353067
0.348803
0.353204
0.349101
0.363084
0.364277
0.353989
0.346726
0.353806
0.342290
0.360320
0.348496
0.340471
0.344398
0.355946
0.333430
0.022538
0.020660
0.022785
0.023216
0.020061
0.020701
0.025477
0.020097
0.014546
0.021854
0.018625
0.015921
0.015233
0.023437
0.021200
0.014644
0.023744
0.022357
0.021341
0.022617
0.017849
0.021501
0.021480
0.026820
0.021135
0.022044
0.022461
0.019019
0.025051
0.022252
0.014289
0.018977
0.018158
0.021947
0.022125
