0.039276
0.044356
0.043772
0.045074
0.041441
0.060282
0.057449
0.050616
0.039614
0.063078
0.039166
0.044109
0.043672
0.058428
0.055703
0.048957
0.038217
0.043328
0.040809
0.047769
0.041175
0.046633
0.050694
0.038028
0.052441
0.038578
0.035427
0.046497
0.056100
0.036924
0.042108
0.046875
0.036843
0.041915
0.039419
0.012483
0.021213
0.018290
0.018947
0.014933
0.017778
0.016615
0.021177
0.011035
0.019692
0.019159
0.015129
0.013189
0.015557
0.008685
0.017342
0.011662
0.011900
0.018346
0.015906
0.023834
0.016928
0.017794
0.017227
0.014356
0.019985
0.014618
0.017192
0.024963
0.024718
0.012865
0.020487
0.023597
0.014174
0.025300
0.015385
0.021593
0.021604
0.021775
0.022591
0.019869
0.019755
0.024097
0.020844
0.018407
0.018931
0.024358
0.018974
0.018477
0.021651
0.024266
0.023718
0.020367
0.017106
0.017280
0.018500
0.020962
0.017915
0.021075
0.021419
0.014508
0.016684
0.021432
0.018395
0.027519
0.018621
0.020539
0.016433
0.015611
0.019316
0.118749
0.122512
0.123232
0.126023
0.128065
0.123630
0.123284
0.127938
0.121652
0.125878
0.118766
0.125229
0.129713
0.127135
0.121254
0.126749
0.124959
0.115631
0.119272
0.122091
0.122854
0.125461
0.116912
0.122827
0.129473
0.131644
0.121064
0.123891
0.122709
0.127075
0.128235
0.125646
0.124538
0.135775
0.124574
0.076357
0.036529
0.059141
0.054432
0.034340
0.050733
0.064877
0.025536
0.032493
0.041445
0.047757
0.046631
0.027726
0.050070
0.033520
0.069976
0.044188
0.044115
0.072629
0.045179
0.056128
0.060947
0.057106
0.072533
0.026917
0.046024
0.055398
0.036647
0.068067
0.052505
0.070090
0.066767
0.037573
0.036436
0.055337
0.110662
0.075289
0.065094
0.032419
0.045488
0.136008
0.034313
0.196292
0.037703
0.047067
0.177281
0.072499
0.110615
0.073330
0.074544
0.086950
0.155747
0.098225
0.092104
0.035160
0.096775
0.148339
0.091680
0.095030
0.118118
0.089828
0.034252
0.167370
0.089734
0.107038
0.084605
0.012049
0.131289
0.118432
0.181420
0.006020
0.006091
0.005881
0.005597
0.005697
0.006591
0.006127
0.006517
0.006422
0.005604
0.005727
0.004874
0.005528
0.006532
0.006102
0.006074
0.005588
0.006066
0.006379
0.006253
0.006603
0.006073
0.006661
0.005910
0.006152
0.005721
0.006394
0.005563
0.005870
0.006521
0.006018
0.005318
0.006588
0.005589
0.006388
