0.174312
0.180755
0.177742
0.169368
0.174379
0.178283
0.171994
0.175207
0.164385
0.168791
0.171492
0.175670
0.163577
0.158581
0.167388
0.168503
0.176216
0.175045
0.173179
0.174271
0.172239
0.175633
0.167302
0.171331
0.171035
0.168592
0.158556
0.172546
0.169951
0.165905
0.169684
0.168538
0.171657
0.176854
0.171569
0.125106
0.128501
0.123012
0.128248
0.128631
0.128222
0.124405
0.127442
0.131854
0.130338
0.127841
0.130841
0.134193
0.136676
0.127899
0.127739
0.129440
0.130122
0.130810
0.122969
0.131209
0.125522
0.128316
0.128509
0.127434
0.124212
0.129939
0.131626
0.131702
0.137191
0.132460
0.129317
0.129434
0.135042
0.137337
0.116850
0.120162
0.126448
0.119662
0.120842
0.120685
0.119420
0.118919
0.119718
0.118931
0.118801
0.120109
0.127687
0.117370
0.108827
0.113154
0.115765
0.125242
0.115263
0.118877
0.119581
0.115332
0.118975
0.117393
0.119331
0.122858
0.118671
0.121401
0.122165
0.118955
0.120883
0.118552
0.120234
0.114700
0.116469
0.193580
0.206847
0.217734
0.203461
0.205635
0.208990
0.199189
0.210580
0.208417
0.201813
0.218632
0.203389
0.219376
0.199640
0.196051
0.201290
0.202618
0.203100
0.209211
0.209146
0.215879
0.214022
0.208465
0.204051
0.203868
0.195297
0.223167
0.208809
0.200826
0.210965
0.196526
0.206750
0.204574
0.203282
0.204054
0.134542
0.145813
0.142027
0.137777
0.114005
0.118898
0.164031
0.111525
0.116315
0.130425
0.141309
0.144152
0.134092
0.130718
0.108447
0.143416
0.135711
0.133057
0.144918
0.136921
0.133587
0.134687
0.124320
0.133183
0.124998
0.118590
0.130087
0.118127
0.120076
0.141216
0.129218
0.106846
0.141445
0.120609
0.149254
0.190027
0.191424
0.195227
0.182973
0.203492
0.203191
0.182978
0.213539
0.232515
0.186449
0.195528
0.195230
0.208248
0.186130
0.190059
0.196464
0.202182
0.186405
0.196092
0.216369
0.202058
0.194150
0.200420
0.197772
0.188486
0.190233
0.189492
0.200161
0.226555
0.234327
0.183330
0.211717
0.201772
0.214664
0.192579
0.173161
0.173694
0.163547
0.175499
0.167944
0.173548
0.178730
0.163467
0.174321
0.168920
0.177882
0.174844
0.177737
0.176508
0.163120
0.169961
0.174215
0.183584
0.173831
0.170950
0.169511
0.176647
0.169026
0.167900
0.179174
0.169457
0.166978
0.172144
0.176804
0.163886
0.171854
0.171533
0.175024
0.174532
0.170579
