0.116260
0.141796
0.132513
0.135111
0.134252
0.136504
0.129766
0.127643
0.131072
0.119129
0.137048
0.128048
0.131242
0.125490
0.143001
0.122639
0.117511
0.140262
0.125026
0.117512
0.126785
0.121486
0.135819
0.135648
0.116447
0.122393
0.119998
0.139148
0.136353
0.105883
0.143367
0.130090
0.134993
0.124438
0.113735
0.006944
0.006691
0.006272
0.006453
0.006448
0.007108
0.010306
0.012784
0.009070
0.008030
0.007293
0.007548
0.008080
0.010402
0.006917
0.006350
0.007066
0.006343
0.007157
0.008045
0.007583
0.006889
0.008539
0.007529
0.007153
0.007580
0.006102
0.007888
0.010939
0.009725
0.007340
0.007791
0.006473
0.006893
0.007622
0.013251
0.016426
0.010450
0.010983
0.016270
0.017889
0.012854
0.008305
0.015552
0.011712
0.015527
0.021588
0.011519
0.012562
0.016232
0.018691
0.023346
0.015950
0.016086
0.015015
0.019970
0.018452
0.013267
0.011474
0.017101
0.013563
0.016666
0.013740
0.023630
0.019772
0.013378
0.024702
0.015175
0.016543
0.013730
0.085819
0.087864
0.083917
0.080619
0.085696
0.091450
0.088148
0.085295
0.092818
0.093516
0.076323
0.091893
0.087459
0.094383
0.087056
0.096379
0.087658
0.092652
0.091186
0.091141
0.084259
0.091993
0.095795
0.089452
0.093364
0.084932
0.087697
0.093489
0.085794
0.087257
0.090158
0.082515
0.085607
0.085666
0.082959
0.484608
0.513493
0.504146
0.517927
0.478884
0.470029
0.527661
0.545379
0.533653
0.467115
0.534073
0.510227
0.529008
0.521560
0.493275
0.471609
0.530669
0.480420
0.520590
0.514567
0.503193
0.520552
0.490769
0.494889
0.532600
0.519966
0.471325
0.521591
0.509812
0.505679
0.481198
0.527885
0.502969
0.487112
0.584252
0.420547
0.412381
0.406577
0.417894
0.404026
0.392865
0.385015
0.399922
0.311410
0.395306
0.417179
0.420469
0.416692
0.394967
0.319810
0.363963
0.404156
0.420522
0.415859
0.383374
0.404904
0.367573
0.370953
0.421673
0.411583
0.402208
0.394104
0.418908
0.409762
0.382578
0.388824
0.368041
0.395140
0.359914
0.350168
0.003761
0.006318
0.002699
0.003212
0.003405
0.003171
0.002447
0.002724
0.003501
0.003296
0.003512
0.003089
0.003177
0.004176
0.005454
0.003238
0.003269
0.002357
0.002828
0.003840
0.003612
0.006159
0.003927
0.003036
0.004284
0.003188
0.002585
0.003176
0.002621
0.002729
0.003682
0.003519
0.003448
0.002853
0.002335
