0.990471948077572
0.990542912561563
0.990551500442726
0.990470484816257
0.990489359111879
0.990528886922626
0.990539702298759
0.990496077840183
0.990567524369898
0.990582767052331
0.990494969818803
0.990558818237945
0.990513052333792
0.99046050701315
0.990540497878753
0.990390870457947
0.990529552392151
0.990458189459806
0.990453766080039
0.990611460593822
0.990447924133662
0.990375842543297
0.990340539399337
0.990587810782925
0.990584155789489
0.990554811702576
0.99047879901503
0.990620262015602
0.990460731818373
0.990475426459188
0.990527507117348
0.990485753820879
0.990493019358032
0.990607456644782
0.990376449446873
