0.92977384680157
0.928771970134209
0.928797045841793
0.929990175717302
0.929925729254778
0.929209510395809
0.929656157566456
0.930558731185993
0.928652326787149
0.931293318760857
0.928325221023598
0.929060642738331
0.930653224055259
0.930233518598779
0.930286784479265
0.929743957518372
0.929004624613756
0.930455824410307
0.930073997587439
0.930644632157136
0.929345518936864
0.929444115733249
0.929771813894005
0.931109314930769
0.930095539785451
0.929775504980044
0.930796175809365
0.930154769396107
0.92896272700038
0.928602594979773
0.929906273990095
0.930112650956696
0.929347041011168
0.929653026961392
0.929058581050511
