0.98593391936395
0.985976396162995
0.986189371078105
0.985923745644971
0.986150978085601
0.986011206854096
0.986059824786925
0.9860403298208
0.985806480911085
0.986160924886133
0.986117666185599
0.98601956892533
0.986179265220202
0.986115775239065
0.98608415293783
0.9861004261599
0.986126559885532
0.986239523174332
0.986123872069429
0.986123600134864
0.986178663877272
0.986253029118282
0.986172758048094
0.985907824054837
0.986065754427487
0.986128090054559
0.986147312521256
0.986108444430259
0.986177027181488
0.986087036332514
0.986255853090125
0.986074915309454
0.986042275439685
0.986086143936659
0.986049738499381
