0.96544746025294
0.963666721107683
0.96453186684618
0.963858975342475
0.964383509538857
0.965303589341081
0.963379761954345
0.965689068644318
0.964914138752752
0.963859372089108
0.964730821820494
0.962484927168936
0.964335993043253
0.964955128190292
0.964436857327295
0.963431841637939
0.964552905220868
0.96404245666379
0.965446167391354
0.965687481938855
0.963948524826007
0.961856538448967
0.962877813987572
0.96402479969438
0.964393403087721
0.964383351949316
0.964694610364433
0.962974387848148
0.964880364926714
0.964403369132146
0.965087387069607
0.964226845339913
0.964969044197878
0.964059743238364
0.96213196657994
