0.982400245734717
0.987791572198728
0.987140666646876
0.987650007946899
0.986659540735769
0.983100454721596
0.987457050060816
0.981025488390366
0.984236801402706
0.979581297893989
0.990024192180485
0.972440684307628
0.980870672426804
0.985780669301786
0.97994857346556
0.987758104931131
0.987991372039775
0.979510065102838
0.985137098560738
0.982727891751789
0.977124869116886
0.978416014000752
0.982617914736972
0.981159710539983
0.982365058714971
0.987237217674518
0.98890257343876
0.987939679827968
0.983944932163078
0.980197891207569
0.979799851790114
0.985860364870279
0.984245332431183
0.976196596612682
0.982695018506629
