0.99174026628438
0.991714148452436
0.99168483031325
0.991716512844212
0.991706243693481
0.991717090547664
0.99164492865802
0.991691857171043
0.991617510861642
0.991776770304082
0.991608172242767
0.991779245096695
0.991733069713648
0.991815737375868
0.991825851824952
0.991710326497792
0.991731409299328
0.991570923707067
0.991819515591036
0.991744073521703
0.991607424776463
0.991857101971135
0.991729479469163
0.991749603767869
0.991734135174652
0.99164180828118
0.991733722581741
0.991747478705838
0.991736144254435
0.991735622663007
0.991738241598276
0.991810889982579
0.991621094212962
0.991706281289829
0.991802258675043
