0.919813478111571
0.916638388241018
0.919015155903883
0.918275425130335
0.917903189109066
0.921292556388988
0.918278385600334
0.919109994437756
0.917884842487631
0.917329586193235
0.917113631447079
0.918837034679122
0.917797321799422
0.918685029185497
0.918025557135317
0.918663983640741
0.918458839799689
0.917470472738734
0.918434574422997
0.920527306142849
0.919459224749228
0.918341150587461
0.918644691474755
0.92005183923263
0.916978432902603
0.917472235783582
0.915748919292916
0.916941809220243
0.919497637377193
0.918194449476586
0.917827144950073
0.919466645070345
0.919145491506464
0.915401246975982
0.917661438864655
