0.831745903972071
0.836493137089594
0.834535780360136
0.830874275884723
0.8319380045998
0.830169023399541
0.832204988091931
0.831261014802087
0.831300059985223
0.835894908911769
0.832050598969033
0.831934340972852
0.82977731555639
0.83119527846778
0.829182028780263
0.838460825882513
0.83732429971787
0.831162918672109
0.831058627573744
0.831388832868168
0.832536385191427
0.83754146203922
0.828916083506743
0.837821330001344
0.829387947848473
0.83685060215591
0.842226215239924
0.829689462931915
0.833525379295848
0.831502957803544
0.830715693781409
0.829950484051315
0.83083273605884
0.833121767400775
0.833788548075348
