0.993529022642932
0.993118650841875
0.992701719277603
0.992866129987403
0.993662554431444
0.993194240274087
0.993023379640762
0.992727889794209
0.991837205940864
0.992854536688862
0.993486377507008
0.993909849389807
0.993111074552095
0.993569350609099
0.994165324614478
0.993243586136197
0.992956669242017
0.992699718428114
0.993308968794293
0.993125102735877
0.992932415885705
0.993276501485138
0.993339724700986
0.99320726829382
0.993207954678031
0.992988843068659
0.993443763316662
0.99260008991937
0.993263869970506
0.993830103027775
0.993539651965453
0.993207543581534
0.993097397495357
0.994303429368239
0.993123459378997
