0.3304643943307
0.385423309867309
0.365865991741798
0.292513518744172
0.341544352088555
0.339996605319807
0.321952295052073
0.34319720595171
0.350331404576035
0.401725175602008
0.367490191755335
0.325323184266782
0.365919308953294
0.389263755922337
0.325361625114102
0.292235577757889
0.302642759264346
0.363391103432057
0.4245766296487
0.435687405993819
0.382213546787761
0.35091763375837
0.399898880885581
0.310331848275369
0.360197343651193
0.348514615267357
0.29573616215907
0.331519105251959
0.330697315251453
0.282516115800389
0.366540830240405
0.369459570906316
0.299468789777023
0.325348488715421
0.336197904944259
