0.122099628738087
0
0.0401469449770096
0.15614331083377
0.10888686631307
0.048549993892003
0.145931269711378
0.109193408767603
0.0475161727478099
0.170643807151381
0.0984773312486135
0
0.0144836139922859
0.100582717102212
0.0874842497990312
0.0841984386899842
0.0353580300527589
0.0777089026689251
0.131329020272065
0.0362765475304561
0.0590335034126101
0.0206757064144342
0.0558152813937516
0.0932758039862999
0.0767290004391567
0.160553151312245
0.0843605137558086
0.19690562852401
0.14383243236509
0.14565470141219
0.0716821516769489
0.102414244308136
0.0189570710321081
0.043454099238708
0.0521869296073494
