0.865703012299857
0.864019158113325
0.843804293120229
0.863270341471974
0.852974565257
0.817532068153261
0.851574017780637
0.83632610763799
0.849064956299151
0.83722193182505
0.865285840840149
0.849053113060541
0.842919815886753
0.838593475948265
0.853997188039488
0.82552057954309
0.85289831313545
0.845645898201839
0.858688555785467
0.838273955594765
0.841210648902885
0.84863691587874
0.853172211867606
0.852988560118561
0.851151047472351
0.843515680045119
0.834604633794029
0.854757562916777
0.837059229146827
0.856327800448876
0.862073249247489
0.817876397041768
0.863332116680213
0.856420076345983
0.81399656208476
