0.0977003901084545
0.106531200615755
0
0.114892360666478
0.108676312128083
0.124128128398229
0.075918287858559
0.144596094317608
0.0658643961056362
0.00385498647892264
0.06166654852809
0.120338561337398
0.1054208667605
0.0858506171834828
0.0966584101537253
0.113762900236725
0.17585129723519
0.0812003864912787
0.0714203281080907
0.139668448408976
0.0388974366771318
0.123614549718829
0.119350878213402
0.0879244558450763
0.105828721265294
0.101830862160852
0.130949173331072
0.031714929466977
0.105077661750976
0.153134086780805
0.10699147836959
0.0924958986207454
0.132920802197669
0.127832472895285
0.131064396127723
