0.807584561405714
0.825880164302418
0.817923263270648
0.821707407761015
0.938812728835035
0.814207225701607
0.83569304703651
0.824899172435591
0.829171666490798
0.81737014849908
0.828210504161441
0.820937502337586
0.820770249810798
0.825349172886996
0.817163906380913
0.92382172529764
0.915335867109173
0.817641777000568
0.821926633042998
0.820128922776082
0.831956446807404
0.828624995007459
0.834471932073902
0.82885996592966
0.834833043380421
0.803118599953216
0.826972684603319
0.834145190937072
0.943899058019069
0.837041262036707
0.840012433869684
0.820905955787002
0.830300652433689
0.932819797492376
0.815870660470445
