0.964000600971749
0.964011549398949
0.963801176516107
0.962278089166618
0.963204390515794
0.963127144793488
0.964198541666897
0.963541927220978
0.963020033969256
0.963321581162127
0.959350114284975
0.96363200920862
0.96326069969949
0.963304552229913
0.963557966676343
0.963548473925365
0.963800338369138
0.963676380601966
0.963952697712198
0.963792479337393
0.964283345178031
0.963625525768517
0.963820653074019
0.963075120003834
0.964209529364379
0.963671332104954
0.963533034529236
0.963341767307788
0.96370887880257
0.963247968890162
0.964094489919835
0.963047387692287
0.963819264197888
0.964079976559434
0.963587094990011
