0.480757992607648
0.526989505093611
0.509779391361208
0.488502837418086
0.517095772005316
0.508481353739086
0.500075684700696
0.525548253717711
0.472858241049326
0.522940794662629
0.46900835124386
0.468596142915902
0.465400923111986
0.502986881054813
0.494196917191618
0.50536230922996
0.445741025328956
0.479359766904897
0.517919395400148
0.536087774118065
0.47261152464053
0.508509363494564
0.51557016952888
0.490950880293427
0.511786865132685
0.493862378219507
0.522477540199688
0.514119916309028
0.508814098724994
0.447192940519601
0.525605483359326
0.508695588653653
0.462050581476525
0.513840894000341
0.514369517457105
