0.307421377943491
0.309297147771185
0.318639303813155
0.317435701798729
0.316681297900097
0.313748122774159
0.305197306842971
0.327638542693208
0.322411468908172
0.359790123984849
0.32523619328105
0.311867626963761
0.328255183378329
0.324666250909445
0.322222575292241
0.302210190149924
0.303999587135582
0.312231500108194
0.309630634730618
0.319882577532121
0.327453009146466
0.360914572217639
0.303219207853871
0.343646250896104
0.360309149546774
0.3046534858306
0.339690134468835
0.313993869422643
0.317395077896299
0.340918186188277
0.306362455673306
0.309583996207973
0.306326349895205
0.31404177023383
0.351757719714034
