0.363377845455397
0.346567816352147
0.475818174125112
0.371785275566105
0.339677629004837
0.471874795344126
0.361043234591023
0.392850738185321
0.360872044134709
0.365256134657904
0.402858314455372
0.374126830242138
0.339586902347273
0.346663389085642
0.383308495236759
0.344423544596968
0.380374141080162
0.576173134063223
0.446151824008562
0.458296712811957
0.409938609487126
0.364782537969765
0.309731870249945
0.445490824175527
0.380070315817195
0.449124765755361
0.349824879345608
0.461216678908019
0.524239985888388
0.368469460705886
0.526818304296256
0.354991593064235
0.380328478802824
0.428829918499479
0.350431153745756
