0.912155096913945
0.911262070395274
0.910717323153109
0.91201655650973
0.910874150106028
0.91091102384557
0.909472739532913
0.910618714602955
0.915046971621798
0.908845583288357
0.911315256583828
0.913063482733072
0.909461884026055
0.91069790965187
0.910482410286482
0.911509799427137
0.913054282328475
0.912677878008509
0.90978805082267
0.910650958881626
0.911103349942495
0.910445698597142
0.911209878779527
0.912145249916514
0.910532779930479
0.913104366174562
0.912421790146785
0.911091435717879
0.911788128596557
0.907569823494381
0.910117269841422
0.908442409411327
0.91141142224875
0.912142728108446
0.909910582815571
