0.964612745598062
0.965273695900924
0.96526702144586
0.960444120096945
0.962256127375039
0.964757372580682
0.969007238188126
0.96295569489486
0.961972789575213
0.96355328254368
0.964034966560408
0.968444886377223
0.96514879040362
0.964554375041394
0.961155519434764
0.965444057016003
0.964365126867941
0.960868475539575
0.965289898228589
0.963781588393121
0.961623949810075
0.963150499257163
0.965038532611132
0.966355783312964
0.963795384645671
0.963612236631735
0.96166196793343
0.960304743569019
0.962317199803928
0.963478964632633
0.963252115949286
0.964444680529095
0.9685407645658
0.964087622873895
0.961480411194753
