0.830667891040408
0.839108407748464
0.83601777617782
0.833181579603444
0.834111189858047
0.832611625609683
0.83751051743637
0.830571788253084
0.83382294500018
0.841157593354599
0.832349696773678
0.82948172274243
0.834703342199722
0.834285334866967
0.832860167045401
0.83239003226536
0.835573020848406
0.832641048265472
0.836636686765922
0.831617228890438
0.835019266272273
0.834598568286709
0.833866381948188
0.838041674244209
0.83538311912936
0.836237444752167
0.829509374363115
0.834668102434022
0.837332709691897
0.832871687887735
0.839939028563202
0.83293443317305
0.833920552001053
0.836768456126735
0.833328610741454
