0.370986473319725
0.342384680465705
0.344558974443758
0.36017068754674
0.340945299794373
0.339750830919342
0.406578801743278
0.387838707774649
0.373129660655835
0.355549724424973
0.407153728607481
0.394839194780596
0.343577241513183
0.392455087263578
0.350944555965699
0.39357222335905
0.339593164004127
0.360869127616406
0.360847162630494
0.372049280874214
0.346058473848785
0.359806271223832
0.365308829354977
0.346202551630467
0.347259464287961
0.350687734925191
0.39903982298788
0.390438888862606
0.35275573807551
0.358690715438752
0.379691437769731
0.367677248140343
0.352546836976478
0.384314353916073
0.361908755726293
