0.931656409601882
0.946291118180859
0.945996749552069
0.946166845815004
0.949003919231615
0.943247630910565
0.946608327263776
0.938933044183196
0.939492393457914
0.941136670004437
0.945500501721341
0.949547290181167
0.950557507043343
0.948206795231431
0.949293405744825
0.950486199440938
0.93890220756842
0.943434717295597
0.94144935553485
0.94538766206157
0.939238145052247
0.93613871245802
0.939111486684436
0.944327551491836
0.939253677298809
0.94661405791352
0.944300597427901
0.946452229487636
0.950062859556519
0.942658738799306
0.943799166995867
0.953114702329524
0.934145060474658
0.944355595051258
0.933693942703932
