0.410239251431079
0.44025842554698
0.536172821056079
0.456476303010146
0.325381271430777
0.416862112151381
0.567505606207307
0.510371600005109
0.516994068059801
0.507847422058605
0.467586498475596
0.569493469172994
0.485060889375821
0.537696044809909
0.562119722761102
0.393672552155279
0.578114114388609
0.493655723395493
0.420284631199806
0.532394588445836
0.519920424582275
0.505661895715369
0.433807359042343
0.518245289622903
0.386717314189077
0.508220481639334
0.557574626411619
0.518302165400688
0.514455715001773
0.362445705864315
0.450660500724964
0.49697135184044
0.341001416231761
0.581791450823939
0.358875872212721
