0.785881731429876
0.793844225164242
0.794620032945588
0.775203044499305
0.781549302500675
0.789611033354407
0.792803353288578
0.779420019907241
0.789018653380637
0.797048151610302
0.789241438190875
0.774636270831924
0.786587815316644
0.78204619416769
0.781156908744813
0.786598977114749
0.780190904886763
0.791929931998015
0.771936610174811
0.784239978626595
0.789369308517008
0.788780807676852
0.774515773029274
0.791793744156816
0.780423898641455
0.791284785348064
0.778871283120691
0.779671302235132
0.780712191627352
0.783985195126818
0.78324056423528
0.78505500440049
0.786885626156495
0.783384181158008
0.780209216369375
