0.86567819815412
0.86039410531015
0.858498893098561
0.863500878538982
0.854476382615352
0.866034615959419
0.865127389452602
0.868400514043747
0.860576951523021
0.881053684896484
0.865893224824739
0.864909873133234
0.856254368837185
0.854638859294051
0.863199876034117
0.871045434217034
0.852107547267265
0.861641113259408
0.868920556472329
0.860922409667087
0.861733770981984
0.857974464818628
0.862912125664792
0.862331326932496
0.858116551638985
0.855893115701869
0.870198205585219
0.861438576084052
0.86638439803038
0.863557153868848
0.853282620508086
0.865724169387073
0.868255055139266
0.86050684341388
0.87112904436064
