0.703357437914672
0.728266997156358
0.701332358259212
0.702909141083281
0.720727132676978
0.69051708750947
0.695641243363389
0.748132426867997
0.777784974632752
0.720670984818815
0.666338341034292
0.620203199275454
0.708138065845979
0.786338741455582
0.735617234460102
0.766928994355458
0.676060563194104
0.696784944494301
0.728533248850701
0.722078033972029
0.714843836470777
0.731944606423683
0.715215110219901
0.663811728185907
0.72468173125039
0.687220352004846
0.68236990196468
0.692798963802664
0.661461746251166
0.725918943167989
0.747332186794399
0.661731699152679
0.744842252252961
0.767547718528732
0.69263089264625
