0.553261612895809
0.554187226050226
0.580112063806635
0.559951924062025
0.548486237357572
0.566662581775573
0.551870220994726
0.578741382869572
0.558645153404196
0.581734827982289
0.559484844933801
0.566095871840898
0.579618807141388
0.56489862894197
0.569091225820522
0.563775445668668
0.559338735292444
0.578489693975099
0.586571563521443
0.557765448890319
0.575958555762924
0.571036760254835
0.557793413755995
0.568063807710902
0.554754309981677
0.558259283360353
0.56880636600067
0.558523443468819
0.568306806743658
0.565655404428148
0.574518939013059
0.564332561226223
0.559636830253349
0.555075660150462
0.561170677457545
