0.291127766853635
0.274474389952613
0.324304417874533
0.298090907514325
0.321406846333353
0.313420824920823
0.283082232425261
0.301717527030147
0.298686426908155
0.310395022060789
0.276865850277709
0.309281552257308
0.33524145989745
0.302016710446389
0.327889433472578
0.293728989246893
0.314835654132214
0.30116403502211
0.315656354076571
0.287349647278857
0.282803863285416
0.298026806508876
0.308478867281399
0.299697851285533
0.319896662283438
0.280458746527714
0.278137756615976
0.30857313274257
0.320994099185791
0.294212955191552
0.287676071744657
0.291974280124906
0.309564303614783
0.320013786018794
0.308134650261051
