0.693859269604235
0.694059762286776
0.688991997795943
0.688520464085561
0.68859112579594
0.698340885155792
0.694024323250057
0.688961399342147
0.691907900527167
0.693684164791619
0.688112058416151
0.684065986047631
0.690906941893628
0.691977296403055
0.691933524989079
0.699074429620155
0.692558386498282
0.691272992864042
0.693032398106655
0.695124493132968
0.685074833506604
0.692635368005033
0.692381524979337
0.687502445885262
0.694336546653242
0.684968910461277
0.691891559172376
0.692042130991793
0.695811631436497
0.69617031265188
0.693832928059931
0.700824057932674
0.692942434290563
0.693052109380686
0.696661818172561
