0.939126578861684
0.939906358564737
0.923161363568522
0.933722514829951
0.939587917290219
0.939839199740871
0.927959403416821
0.935960179784542
0.935857232334442
0.939488209475443
0.940470050965591
0.945610027295096
0.937105552766404
0.935310984387007
0.932645856045923
0.932328624648907
0.939380022165279
0.939025744671825
0.939341255243715
0.935500647994513
0.927223377593112
0.934754465368266
0.926502220901399
0.944651715286273
0.938007900245605
0.9241818387106
0.94371894403043
0.93934131397915
0.92688443066564
0.940778180221636
0.941799053319307
0.938141948267464
0.931385529855181
0.938848497694905
0.934871136261946
