0.687149634994415
0.4264168951575
0.285674801856659
0.582863382319015
0.49157525825018
0.333815927925736
0.534956406336228
0.50050426956129
0.676679978567465
0.732011490750705
0.620161160315011
0.500131677258302
0.336261333122809
0.663834571488309
0.502122896377903
0.385594474907662
0.394683569172094
0.515825453625817
0.438860018351827
0.452691923654379
0.254526834566067
0.188942465815159
0.501974015762603
0.440091991090447
0.688222552084189
0.3769784289033
0.575279797335875
0.396048269072348
0.337116465277016
0.150583273598935
0.554381020555551
0.686117701255757
0.23036664751117
0.404369951076872
0.18339279732737
