0.514740699206803
0.494004335068837
0.521676840994436
0.507734125661924
0.492595788924874
0.49763455024994
0.510759220432183
0.512103587340008
0.509268609776476
0.513170723192472
0.504137007409394
0.503710319546609
0.516125168916636
0.504154280351162
0.506418426629516
0.510036266021093
0.495481687964504
0.49893653689838
0.524536374433584
0.495932337022593
0.496487261489393
0.519825291549839
0.502081964369693
0.52171455238742
0.502183501932074
0.509389624379733
0.515810018049099
0.511076575371177
0.512830278540072
0.512843212579049
0.505489415695485
0.516887629263115
0.512414973113763
0.506607988330452
0.497367678382474
