0.500278984861513
0.521427720930135
0.49623958612695
0.490693809778011
0.503531856414055
0.514388661730604
0.48941342803515
0.497591829241308
0.500900305134442
0.517281229913197
0.500350655420049
0.520347259960085
0.498824700059218
0.513869393878944
0.514907549063937
0.518317874639946
0.488094379706681
0.498889091427966
0.485045063828785
0.489064091865968
0.518653648478462
0.490733022253467
0.514218293982504
0.496530755527426
0.512424868293417
0.495073445618497
0.501539790303941
0.503477035067545
0.521310007036499
0.506013138298398
0.520511044779776
0.496823373237007
0.507806033300755
0.521321829170254
0.485861045430126
