0.682621106404777
0.690480264525116
0.6708106070748
0.681181411892381
0.675982831494818
0.700922944770345
0.683721334328283
0.655161239350596
0.693953254574816
0.680945926184574
0.698616825127858
0.695121159795562
0.688176165520347
0.69004333065943
0.681374339663814
0.695589688138458
0.689947890655009
0.694247217789569
0.687219888602891
0.676873871056256
0.680062086840642
0.674209127359666
0.671984934500091
0.689113744424437
0.660839588700126
0.675913561395588
0.688212593420779
0.679166621399494
0.683216384426878
0.694438607495777
0.696292434189986
0.698224218885984
0.676625386704889
0.681326454813095
0.681945343304037
