0.96135080908023
0.95835223769582
0.960909543579762
0.964334033620585
0.965115796283253
0.962084568430074
0.961550686682985
0.958974119701204
0.964210279871455
0.955579107577085
0.95642167230237
0.963684361392071
0.965214640430836
0.964485068772838
0.963121487101852
0.953857805456121
0.951236669755643
0.959114445334039
0.966948124040164
0.968321525458096
0.959925091791685
0.961814823955569
0.964641119101825
0.95850791921544
0.959380247352004
0.966989032995094
0.961017812955507
0.960277174069314
0.965215975260357
0.956952475572323
0.955604037894424
0.966865335560234
0.958531547655934
0.963627322458185
0.963817815293812
