0.989401500052111
0.985293669761247
0.0239160134593476
0.0193739601856794
0.987668023461617
0.98433571604952
0.901311224039626
0
0.987640595704099
0.989268452502459
0.0246548867917853
0.0239588040430561
0.988114204656061
0.99027158302785
0
0.485137060481791
0.988842120484959
0.988916753454162
0.0246377914370376
0.98756520040946
0.945557250123115
0.990445211789374
0.989199871977914
0.0202233468955597
0.406329698344003
0.98953854124828
0.988723393000006
0.192208218002819
0.990103920580821
0.630809331135752
0.981606353010198
0.18082366163386
0.988501927866462
0
0.676739310310759
