0.942589649880529
0.919443659402006
0.92635186306481
0.943353209754353
0.935364464595601
0.939891403621184
0.945612660294061
0.934478710699864
0.941466056491662
0.946591273872334
0.933843963806491
0.938450003451752
0.946935421789223
0.93572577616115
0.950888017209998
0.938393867785266
0.930536137078969
0.931579773090932
0.944647230343656
0.940350301231618
0.939111122683578
0.930850394175103
0.948186070965862
0.949631303561451
0.943701070410296
0.941396630254973
0.945090030982535
0.946601075243577
0.953081857182059
0.9468090986929
0.938677260678824
0.943393388551624
0.945455976402737
0.939592749949617
0.945984404014374
