0.963602589139596
0.964482907993833
0.962911073187943
0.962231163535339
0.962160735418495
0.964235019943808
0.964108825317131
0.965994817513955
0.969487401002975
0.961434025408994
0.963013339404069
0.962802189987499
0.963315529458753
0.963417732289508
0.960898648668082
0.963924789362471
0.96153988148204
0.963700333697716
0.964023072813063
0.963309114006981
0.964268595687166
0.962642395872474
0.964979905282034
0.962140410965108
0.967983334611518
0.964362814806321
0.965698726369921
0.967104234753485
0.967131282374889
0.966290832114761
0.965666275779816
0.964955885145616
0.964032237525035
0.965764483617773
0.964297936986291
