0.936852470674353
0.914667521470753
0.920858706554042
0.940258293320484
0.927709670110541
0.93382806393198
0.943015498044583
0.927480839234409
0.939151681253591
0.94119781340395
0.934735886275627
0.929310747364454
0.937219942231886
0.932191974360636
0.939720746181387
0.936029619255646
0.928388236200063
0.927105746042066
0.932767293148163
0.934377591161859
0.934579985831058
0.924691249721786
0.943212635961137
0.943100831894762
0.933857241788774
0.934882747740124
0.943995311438314
0.937842981726579
0.949185725893785
0.928102622450667
0.928558774019742
0.942904365583468
0.941313979841591
0.937237414998199
0.938989030626842
