0.00261593107312047
0.0309204749556597
0.0355622237902442
0.0770628950556832
0.0150251498755616
0.0655031692537587
0.0356668712175234
0.0343550221423251
0.0100799359858637
0.0109952546579343
0.0191778809887518
0.00992631548107385
0.026783379374246
0.0476988043778651
0.0386579755558696
0.0609444799983442
0.0120221994263961
0.0389280246711699
0.0530668945180011
0.0227321300600806
0.0286230460810276
0.0617153074915672
0.0560001071738749
0.0552133680771922
0.00181821230529794
0.103851652187322
0.0293623575387541
0.0497895399503149
0.0853583300117141
0.0227713807975387
0.0747909613495684
0.0154906468163161
0.0303866133895141
0.00332743370872754
0.0046745337716188
