0.243896925550309
0.257618913971801
0.247610884644811
0.30696338033785
0.322795745876651
0.334291803163083
0.242420800194253
0.296148813369677
0.295316860000571
0.335014457025504
0.286576674261173
0.350856632822638
0.353154463135102
0.253657168291575
0.271130625790501
0.333322714359998
0.339493738295937
0.310429725428449
0.301598139937683
0.332252725945574
0.244722679989915
0.299917521373005
0.246555438333381
0.271683052691581
0.221467820043523
0.29220589165572
0.398477195120279
0.377798544338297
0.272430703653304
0.25628898348872
0.357782998014913
0.259089531365243
0.316032270340852
0.317640699315992
0.265266333259369
