0.933085926861924
0.887459249908339
0.88497632201271
0.894658754277168
0.916041154623633
0.874679314532963
0.895633322457107
0.885545193163578
0.877784433216433
0.879503064964267
0.857651887199824
0.898461395160886
0.915800828274906
0.904421290010281
0.868468883423184
0.884530874161423
0.885031066200916
0.895692720535659
0.897381551314279
0.874329291346539
0.77457087068603
0.79972557339788
0.900092722401013
0.866655628760807
0.877812202768494
0.880205152734019
0.882210334158139
0.898910082132172
0.90235788661309
0.861850883245313
0.913215348442907
0.864684934499843
0.896918946122057
0.895003403238243
0.903394486232656
