0.615573542975728
0.278624533465347
0.201743640646872
0.444519196905557
0.471300892972364
0.296480403338652
0.359780236034571
0.449939052000419
0.612433771600458
0.679510592433749
0.444996201220814
0.476599406518972
0.335873073767987
0.667612892016572
0.551039713493166
0.388710059585672
0.338643579148942
0.432997222149854
0.433268411058097
0.427005040271619
0.156163517404364
0.255383786790012
0.509187447424974
0.462025710761565
0.60363544470337
0.350955384023741
0.551502665196312
0.32397003778799
0.437145909134161
0.0869272068613379
0.503808006078961
0.62199456403951
0.25388345847426
0.436533969387789
0.153130659740401
