0.994963240259525
0.995537726680759
0.995071847567105
0.995166343446431
0.994840822067872
0.995270386459551
0.995465576415777
0.995359103959648
0.995912658431961
0.995298370753811
0.995576728591488
0.995148852358992
0.995215632508088
0.994856764709138
0.99552989303841
0.995241912369218
0.995025059312705
0.994775829334438
0.995582579400582
0.995364371341112
0.995236521762464
0.995195460577552
0.995736604844499
0.995109568703992
0.99515904469465
0.994696336589665
0.995121856849045
0.995391081206477
0.995072931194788
0.995185703975232
0.99516490616128
0.995120644805213
0.995344589312564
0.994995429565676
0.995209835669467
