0.770228335059306
0.780377334144664
0.765007072368751
0.780230838388308
0.776216634227044
0.792560219276722
0.779162628864022
0.778713934831392
0.773304297533176
0.762344067712747
0.773474656074877
0.769664830177627
0.77257326894257
0.76438206737742
0.764613962683226
0.778207811380594
0.767530113275095
0.769572584722331
0.760451247036044
0.764938760765943
0.793280362407945
0.780417134720789
0.770985363401152
0.765553155040768
0.775119670857023
0.764494483668358
0.768287356795059
0.76168685038267
0.76628410495599
0.766395399302552
0.764080262727127
0.749636059812532
0.773755144526645
0.77454224878143
0.767229252180821
