0.864832464182368
0.742325509244137
0.919721497418925
0.449236122543183
0.77766040936558
0.0764533843567733
0.936734519933815
0.923884509371962
0.781837587790028
0.872032507436371
0.870780871512072
0.179922264436138
0.92415890004613
0.935779780210204
0.0947456111685689
0.930325231325826
0.412025787815139
0
0.014404466269674
0.865441859543859
0.164736627467759
0.462703087107752
0.898569692836688
0.119690549670988
0.0979618142060334
0.925751036505652
0.106767038461132
0.668162569925932
0
0.874519808015898
0.829185799842819
0.00629297450246367
0.0616114437766238
0.925431114922659
0.450122055943915
