0.197905579395374
0.0831608822180387
0.0764992124452061
0.135351497958342
0.124953228265925
0.136865789535691
0.0285155591594192
0.147594133943954
0.143778663526802
0.0607257010036846
0.0374671235480678
0.0929317210662875
0.175916344628407
0.0898207323499244
0.131353849470735
0.107974251964338
0.114922833720673
0.112947274060409
0.0371750911650156
0.119595501658459
0.0353529200287264
0.0301095606807318
0.234023010607187
0.0921240120290154
0.0734059442699702
0.103015892791353
0.134682621231708
0.197389270319977
0.0379062923522865
0.214315153855194
0.120154142434076
0.100843760369592
0.146462936912945
0.124153147228158
0.133161594325822
