0.603835796459834
0.597461576600857
0.612608332475843
0.609545657325343
0.594758576368546
0.589325854322094
0.604977464794339
0.614673249290292
0.597563898659416
0.612136637317273
0.613428449362707
0.613743757350233
0.613193535831093
0.602340228597404
0.588221119699452
0.609028304465574
0.607442182479859
0.596029314410909
0.611447511342025
0.600751666223138
0.601356034978525
0.617201121124924
0.602739317592243
0.612504007098234
0.588985816098609
0.619610114211037
0.612887504147747
0.602454560384906
0.612578074436191
0.605181917334167
0.623662785064463
0.5995701151057
0.595070351631445
0.600479342862058
0.6152620371234
