0.900394322761301
0.884722996968801
0.90586479407957
0.896872845908118
0.903270433817704
0.890967508594536
0.885644016776432
0.885661926533109
0.879437388576964
0.907088660803416
0.866609708538632
0.912909410075722
0.92081959416082
0.907827123587645
0.917471434211034
0.888449027562502
0.895578353008348
0.917908922458157
0.88681006550667
0.902635580280505
0.828411790992907
0.841097491262845
0.903085215840276
0.878378779829891
0.895768599447967
0.908421296653395
0.910453679219179
0.895481870611069
0.905828392265293
0.90530089579584
0.900783116205083
0.878367777467439
0.895169071127541
0.902378541072242
0.897428641190583
