0.368421579696996
0.370954919393901
0.353690260365804
0.374832068813836
0.365844859448113
0.372052475050563
0.371697689651894
0.369125282392409
0.374082068948956
0.389626456735795
0.409211047485898
0.338816117776773
0.404974861189893
0.35069074918653
0.371598488272449
0.403294392029923
0.384025516225555
0.381927943368158
0.38097581452051
0.356166551457493
0.356577090890706
0.356525696066496
0.383850191077182
0.383044567356576
0.380282755408578
0.377414972549556
0.368383036739885
0.348803993221777
0.378038401443317
0.397713116694765
0.349993422796434
0.350759731450659
0.35871254059492
0.363841625649479
0.401821360599971
