0.938398344922773
0.940786045626241
0.925756205461203
0.944810413319825
0.935743796737366
0.940926724042874
0.941632001685615
0.942241103949117
0.935182228188173
0.941802110054491
0.941066943330114
0.934370444607935
0.937966289279644
0.939614046918067
0.941854976202877
0.942969192654244
0.94110425364368
0.935964461762028
0.937810540830986
0.938233518590453
0.937027924049479
0.926923142654987
0.924131554879458
0.942579883973516
0.943613139102775
0.935269982794762
0.938737346260214
0.939783109769956
0.937800113622903
0.940666033880454
0.938134168438699
0.939253406133857
0.933177949329461
0.942193002237855
0.939090124018494
