0.941803397707759
0.933933079372676
0.934018024669538
0.946143981585976
0.935660816311753
0.939182961308598
0.924882030273209
0.937554118840399
0.943475958054856
0.939482992556125
0.938816133274673
0.941097046201694
0.93684634261257
0.937703950412507
0.936628160793077
0.937005697919633
0.939605022308966
0.945178625231076
0.938141543939619
0.939198374489862
0.933730706222429
0.928028648289569
0.926630151517213
0.945019181598819
0.936682063430886
0.930618352286343
0.938903099119993
0.937062841166363
0.932751304794958
0.938699330900224
0.934986750580577
0.944651984090747
0.924077511829313
0.946180388578829
0.937982101301313
