0.688245626511302
0.544730960001744
0.556375005852925
0.533218147906593
0.735919072533502
0.724867672103001
0.763909336060208
0.786882355612284
0.655115981278601
0.783136139409
0.714477628166811
0.689743425178337
0.620698757128565
0.688755899504272
0.576199153654798
0.782255063083458
0.651483468078952
0.612166519509106
0.711470806819737
0.705326691074404
0.653919849416089
0.784732115403107
0.765220420489642
0.64381079274254
0.592797783836687
0.543596716162454
0.710331695047407
0.637414940695204
0.691113951608822
0.78564524007232
0.532922569753554
0.632162892444707
0.616391234313624
0.785189336517084
0.59865190090852
