0.512700763172302
0.483001653210936
0.535414852267531
0.516846960053755
0.40242259977726
0.562923203382914
0.432595929469515
0.458644767805215
0.538554600376542
0.410205409184003
0.332098109539775
0.36719505532669
0.578759378817356
0.619073510928038
0.588631857991578
0.377286132803743
0.563944222152438
0.372575342523191
0.304138355409959
0.225330581991251
0.433650845986944
0.470645223114152
0.535246321920235
0.436818009006219
0.313254281353907
0.449270088183044
0.350631679536098
0.603201772569238
0.438433897667496
0.615942907819673
0.565431217315333
0.507216815086835
0.463121293813398
0.287528088408007
0.558841613460601
