0.742272930773085
0.719783714106575
0.639166350081141
0.581307534406842
0.787369179524671
0.774884070702108
0.789040096100855
0.790940728196126
0.712279720876685
0.789494398993977
0.752632533056049
0.740665699230565
0.730871164572398
0.781841040083902
0.663466641751315
0.789566098576862
0.697209150839536
0.691656715564758
0.790029033660336
0.714577370775127
0.655644146562272
0.790999670322801
0.789375947155502
0.735699947173364
0.699613821334296
0.673653810486427
0.766427771474466
0.709416518083644
0.742843294286006
0.789366564266138
0.687071726394692
0.740213882286452
0.723849395468069
0.789875643157637
0.705016089774146
