0.857900355234453
0.87431590759282
0.838186576355065
0.881003038398057
0.87970608224449
0.870384607290077
0.883080885935268
0.865988224288388
0.886061208238121
0.891090314281275
0.882899900140876
0.873938255941428
0.885904640742486
0.88839818517315
0.875581972898016
0.887462189678251
0.887165168805653
0.882690504258289
0.881230276817325
0.857795736159321
0.872528877434979
0.908518427481792
0.894509837844981
0.921198615187197
0.868938242688201
0.895368892795583
0.896375849898897
0.867723947355806
0.88597692429703
0.8894787694631
0.871177033329361
0.858910579955074
0.882952964267422
0.904291137859761
0.907867081723826
