0.853032410837069
0.857645876937814
0.866463595830594
0.848866253206243
0.856847002623154
0.868871572356985
0.85278081751827
0.85664344493863
0.871044105769979
0.863607406777897
0.847461876656432
0.871326046774215
0.849871220580255
0.861853168538017
0.856486184793202
0.851115630134524
0.856907098537361
0.853928465959185
0.85178544499439
0.868457065451464
0.858449847183787
0.845875059242752
0.864003351821575
0.864567850963591
0.850267154814663
0.86641115688082
0.858862342430971
0.853948198583858
0.854175870734151
0.847048231660943
0.85489076678915
0.846478393818045
0.859043540899793
0.865098824453411
0.841416262539946
