0.950250225303129
0.939644986432996
0.951693188118181
0.954882580330113
0.949337145515444
0.946806558849338
0.95274461478701
0.947296976428686
0.952448794199699
0.948677528180631
0.944296880582816
0.931999049714129
0.942756835538424
0.951226652249804
0.944656453828146
0.934498055710151
0.884796089880014
0.944315975103423
0.95270268283885
0.957215459959781
0.951017068384123
0.955644219492334
0.953708726769836
0.952399250699769
0.958306946361596
0.959102163938657
0.939704706419268
0.954607410772532
0.946653139845177
0.949926828511187
0.942930304045411
0.934205509583652
0.955375656473922
0.952553013594141
0.949284688521723
