0.81522343576117
0.73274035676466
0.797014084201529
0.779223691330031
0.752696014966177
0.757585497485304
0.775005209032122
0.76245851135985
0.788356592311995
0.765210825854044
0.769757749499062
0.790856721799801
0.77517072877779
0.734047386074794
0.724974467740484
0.784617800333972
0.767721772065318
0.753734022078615
0.778125584229058
0.7757040700078
0.7575551749858
0.743557109934621
0.792686547646687
0.748100014066907
0.727133074707569
0.740553007561276
0.746941995904137
0.734011326906017
0.76331186514067
0.756450952006829
0.76404554735468
0.742298372962937
0.758183024211173
0.789144177129865
0.80130085741339
