0.705430836237901
0.822279704845641
0.750407412865629
0.806645218964793
0.718903056919701
0.768190283343136
0.764207605139945
0.731790190924384
0.747971722805294
0.578345585805047
0.809851485481555
0.759264904218328
0.56400273447047
0.79612166918616
0.573740762671631
0.818696993139348
0.808303031739003
0.596154723194085
0.685981980582088
0.831921677913348
0.716721069062732
0.659566644413468
0.797854421359075
0.737693035717122
0.790858914795013
0.750790616954375
0.798747420005884
0.793187751334294
0.635585811600254
0.75896031964059
0.621562168628093
0.697116899048695
0.818694805871119
0.68951673436734
0.496183383741169
