0.86886543116515
0.876671368813889
0.879732056934363
0.885238791492168
0.876040643716189
0.872921304504022
0.879035225306892
0.885238402766915
0.883831934339557
0.884271780406467
0.886069440719063
0.889849255237273
0.869979437873168
0.886614421306335
0.885782797599026
0.865756666421826
0.880061185270364
0.868588251173674
0.890590599132817
0.877366258952769
0.871109783896254
0.864744383676095
0.879890047848406
0.88772746353356
0.877338535453135
0.882609530081179
0.870365869251045
0.888660829224209
0.878178213895682
0.877948284155486
0.881052812415582
0.889212771361014
0.889259170546667
0.87176273243876
0.894404644869433
