0.854265407708637
0.833992037401516
0.873220771014693
0.889786858611847
0.864734487113644
0.842759596279027
0.84809061760096
0.852872615550357
0.853812819979168
0.866182061162085
0.844099203725711
0.832798426206293
0.85255796904306
0.846296044346122
0.847482994929689
0.864375065010215
0.816588247767488
0.869430889068054
0.838664504576109
0.874657700526069
0.8522473759374
0.831394291895904
0.810808249022629
0.834780271958907
0.864278033340074
0.835199500219468
0.883174861822131
0.869392783347162
0.818736433652451
0.840861460266213
0.845013167361873
0.837958766673656
0.831768521564296
0.857973984806385
0.849216311424409
