0.644974513403723
0.646408720882388
0.648945892624807
0.646169522578686
0.643603570200866
0.640543128778989
0.660392917049354
0.649136638712446
0.643562982544557
0.652932947728492
0.635507538217874
0.64181880665509
0.651404948730535
0.654191493087668
0.633165719474987
0.677766183365529
0.645640720631987
0.648644967039307
0.64576487815355
0.656826802330147
0.656181150714043
0.671320146704545
0.639757570219818
0.646662923767259
0.636089515009661
0.649908053054716
0.640869071642426
0.654979008912248
0.654350282911318
0.639576371891231
0.65006011397664
0.657319934018267
0.651411399488605
0.658988424329744
0.664365889835895
