0.993983682983151
0.995128357450473
0.995306373072734
0.99482431760474
0.995376167781885
0.994737358467657
0.994757165558665
0.995415706700664
0.995600480165678
0.995456099257974
0.995574851130497
0.995394386700834
0.99518854267824
0.995246054056621
0.995263046756558
0.995751289318486
0.994899458769207
0.995013649456971
0.995532998220469
0.994861464397635
0.994712374953438
0.995223968280849
0.995108027010441
0.995207797868573
0.99541240589019
0.99509030026443
0.995104234070413
0.995217390834159
0.995454301308089
0.995590003222797
0.994888503632192
0.995168195955278
0.995104822600825
0.994570339682773
0.995572608908399
