0.117064685513893
0.0711957269193588
0.0763390886228018
0.0972911295284317
0.0949627427030947
0.0935663054193171
0.0748526448235571
0.060634506550116
0.0498717134496266
0.0896186080700708
0.0744905141001358
0.0989449823016746
0.0791183306798565
0.0995338528302677
0.0336633335151659
0.0671602105263719
0.0846509613262021
0.0844462666410758
0.0363527933805098
0.153605500097743
0.0124451400724518
0.133370747241801
0.304366246857465
0.0250081990180063
0.186601283119153
0.0868985146401372
0.0553664922738535
0.0653287147684143
0.054130742318306
0.0681208382060802
0.14610589197224
0.0576495468020394
0.0485982307724402
0.0825547314050606
0.0631076526036606
