0.811908284773157
0.747767951589639
0.742929871136722
0.832520006438451
0.829030441082169
0.812233030656101
0.825594014199464
0.808063024176016
0.807650679968529
0.83791125807888
0.813118920389416
0.783371396623401
0.782338795524501
0.806028150633716
0.824000549931999
0.797408419184619
0.838898904831545
0.850454476407231
0.827894783886128
0.797972245880945
0.784059663981392
0.834805060871971
0.794191700500712
0.833066993535001
0.798876812420391
0.794995326738541
0.820615029148093
0.81692684301341
0.822259055709338
0.816235262480214
0.784617015979824
0.820799463645449
0.822854797689425
0.796903838826097
0.777392411292728
