0.731695721435199
0.851569970965101
0.768373793397862
0.737824936204927
0.838264645818045
0.795345794489848
0.742465161843216
0.850093465634714
0.591872545381091
0.331501905456079
0.712361668162614
0.670461830391596
0.755221937294819
0.723548504962061
0.764131455207664
0.654078462947781
0.833653565292966
0.794680119696357
0.772854690326251
0.792755118068357
0.774536818630764
0.667627648658142
0.661229706384083
0.84191828338795
0.82474662809987
0.794695051923565
0.718945657776758
0.764051280093849
0.804476533092711
0.853956274299879
0.698142280592554
0.830982062476087
0.631096167187464
0.763928028617544
0.801811102144085
