0.793023274657721
0.79578436581092
0.810783966592579
0.801590886093508
0.758192863428669
0.762741263733745
0.791561854926177
0.789592301220107
0.788691049948658
0.802384128973201
0.782315943767454
0.797738934008283
0.78216384240039
0.787331713677385
0.781022891572462
0.779261328132888
0.783777782875217
0.796151989633168
0.786926628277305
0.808710402878494
0.805303616667021
0.804213091641072
0.798985468268854
0.789763205390416
0.804814396141548
0.779373971844344
0.826088876379769
0.787258515049873
0.813382961853509
0.782164154233705
0.772165398913263
0.775660223144989
0.805104084519563
0.798250177842916
0.790307507680602
