0.792740231603074
0.792973246169606
0.781730853125937
0.777608161097624
0.757118099788346
0.789695239160537
0.771275828223954
0.789614389993533
0.783332460864873
0.802259307087901
0.809291072810975
0.773860549100771
0.783202136517389
0.789479768366621
0.800904045741351
0.786482808436706
0.766556314536674
0.769452117946414
0.764705043027672
0.825516796795316
0.800031060391318
0.796915371087359
0.781588533462339
0.806089997490723
0.783581778644793
0.774415461456279
0.807032623718579
0.807099926947675
0.805001371940995
0.792746119952259
0.788454266177809
0.793686627464823
0.790852094138188
0.762284580890731
0.771450583625067
