0.875522053795909
0.875510680534208
0.875612745761313
0.875551578849094
0.875508765782697
0.875547598465411
0.875310209398274
0.875521241825746
0.875110776937612
0.875578222448491
0.875582564296023
0.875574283445252
0.875543152005885
0.875542369226966
0.875557834046832
0.875561389232485
0.875548811676272
0.875530245656037
0.875569893229598
0.875543624331799
0.875521347422393
0.876922016047192
0.875520249771016
0.87562172188205
0.875588828348568
0.875586782895888
0.875586674310831
0.875528028816653
0.87559064635029
0.875556411044276
0.875596611413791
0.875579330094506
0.875583240905877
0.875646831505228
0.875482711373127
