0.48775937828844
0.553556265757732
0.634626466561845
0.595111208909008
0.571229578984125
0.546141451044964
0.544309697832947
0.609438644799356
0.532289713887577
0.608252398325946
0.563457411638922
0.587291826120454
0.541288783804732
0.559168198954635
0.478475727147143
0.538870642427206
0.594989254030315
0.466580200384344
0.498099216862566
0.559927405820704
0.562417859289438
0.439224119914181
0.444084020187585
0.564313494114273
0.604111654240472
0.632349864192243
0.456376892666461
0.539298135728567
0.483524455949425
0.505291191520957
0.544004610370796
0.559207992186668
0.513774208924549
0.608027157581715
0.554050507354256
