0.977510056729023
0.985050839933686
0.977279624512117
0.977139562813137
0.986893101917905
0.983317125871582
0.983845451480654
0.985959538573751
0.986271324174393
0.976502350644129
0.983887232478239
0.980261257499278
0.985488592252014
0.97797401525707
0.97484060419456
0.984005736785361
0.965071087475817
0.982502570350865
0.982174228429624
0.977863954999353
0.980492475197698
0.982439150114139
0.982002892201497
0.974038814480595
0.977241523113185
0.971889071440839
0.988241843076721
0.978085634185851
0.986246618785616
0.980148482102873
0.983491735903749
0.977650195645429
0.983719536381369
0.982179181218842
0.984085433791635
