0.779284897723109
0.804534774931966
0.826895438770543
0.773902942137012
0.807017467292814
0.784413841722892
0.784635883333096
0.801537152559221
0.811812867347943
0.802578576647578
0.78834022292829
0.805295509189638
0.799833388234505
0.790205030597087
0.794879677591028
0.763028191985907
0.80411519330083
0.80470403309041
0.769035680516626
0.79389122012707
0.788206330870382
0.788834501237491
0.790354589796474
0.78694923534628
0.79024429521767
0.815727477022391
0.786751793683451
0.792168290916767
0.785527362913953
0.817057621311705
0.792189032084333
0.781433608220225
0.786320024962093
0.806184718625341
0.811315269653108
