0.991538328161106
0.991160308262734
0.991439559906133
0.991882304186054
0.991834968301975
0.990747211777537
0.989357230776979
0.991541078421707
0.991447050961087
0.991984948326092
0.991764208947055
0.991638099256567
0.991482324998044
0.991628187398543
0.991537856049258
0.992076964521931
0.991615282875713
0.991514153278087
0.992032007492508
0.991506002091855
0.991136572062059
0.991774770784885
0.991862563187077
0.991239149024895
0.992049414817789
0.991813055454591
0.991884696838936
0.991708258202016
0.990778420978849
0.990972628767085
0.9911587450855
0.990427974934084
0.991993635263602
0.991751132638769
0.990792069007549
