0.510854846387108
0.274520824725052
0.618366766254406
0.383507411660124
0.636007405355695
0.496685842627141
0.533937982274527
0.637509248727158
0.530378859266661
0.393899045496474
0.522547972268112
0.548732812664378
0.34202650637482
0.636670644512909
0.500314511895447
0.636008953284289
0.600507623240752
0.700308397318454
0.503501192055108
0.657130116061948
0.633386276161921
0.50337760462071
0.570019328390687
0.38922725905118
0.382700439779374
0.224436318209905
0.21298882673212
0.522914414696392
0.480372760446836
0.323964758204777
0.660784352602669
0.697624574683586
0.68178896491665
0.611265449070672
0.267350350553885
