0.638232866861241
0.696762967709572
0.800824757337478
0.808565655331969
0.682305437420431
0.755804497079268
0.709518029513004
0.806474326813113
0.667069047213095
0.783697281536271
0.65731638137927
0.672209170017859
0.709213657467767
0.67246685967914
0.734146953333605
0.710218436273352
0.708484840458391
0.703339058525643
0.687026531868972
0.699638747372393
0.697029955591937
0.603606119265492
0.697719601824397
0.70662695809056
0.702721243864018
0.79160417870731
0.679100179118466
0.59045325740089
0.786358979030091
0.674510195107243
0.758299749415153
0.715545343012598
0.695781844839448
0.827882468024546
0.780618317608903
