0.918060346065556
0.932268435828553
0.941908527214721
0.910219229405573
0.911950468981876
0.927897424717854
0.902454625416636
0.938852283734106
0.924522556992268
0.923523528064272
0.952208003481683
0.945557952121796
0.932957055982287
0.946249461450738
0.915902938134195
0.931189857035017
0.945010463599139
0.933511320082456
0.935115338194269
0.878580309760215
0.903822382708213
0.919516060183433
0.949317828311546
0.945125911059901
0.95267135872519
0.941715785771112
0.932138468973103
0.945755439715619
0.930338527309357
0.91880708197217
0.907909846885536
0.935538470498492
0.934333589246347
0.936622384000251
0.918293077775005
