0.900343597352454
0.900380144539448
0.900641488966299
0.900667131930905
0.901140511573601
0.899769019025233
0.900489052266397
0.900614671075899
0.900805374144335
0.901080674005593
0.900453468398696
0.901195566587161
0.901016002260577
0.899966491867831
0.900906505238861
0.899947448110314
0.90040042755772
0.899981654191017
0.900375344115079
0.901142772817931
0.900388949292121
0.900132744555558
0.90019044274861
0.900475066050705
0.900198310467901
0.900149395111189
0.900048226277235
0.901877686515797
0.900551666038699
0.90043582700111
0.899978480688422
0.900337761231742
0.899270939321144
0.900098944506435
0.899744813459187
