0.791300928067207
0.822699842984805
0.840141524537277
0.786460696493277
0.815465864926983
0.80815368381201
0.798860423164212
0.809699611889402
0.819953762232046
0.820703076471765
0.810339355371836
0.819066024616551
0.808713023087064
0.799525129981373
0.813140034979886
0.807533981495704
0.819012205144628
0.816164565650385
0.781253088301515
0.799335226024871
0.790012540038938
0.799414667748099
0.809864133642525
0.804822078850484
0.803107211083302
0.822584033004039
0.81354918316937
0.800989067334089
0.798958250246311
0.815633083076591
0.797936429428005
0.796715247729051
0.795754708213327
0.823332010636628
0.813960117298484
