0.875516982710836
0.875509493120719
0.875603172513459
0.875491702587554
0.875510713936138
0.875513736016832
0.875209467039192
0.875509394292971
0.875068938042602
0.87557351100872
0.875575538557446
0.875568302492447
0.875543402863842
0.875529938382247
0.875545929373868
0.875532853709975
0.875569360608131
0.875520431818116
0.875555762472586
0.875558850961395
0.87551457033396
0.875584806742562
0.875506481960425
0.875617013730443
0.875584558707531
0.875580892642145
0.875577875124304
0.875522030933356
0.875583537766021
0.87552578610275
0.875596154009018
0.875539718949564
0.875580915322137
0.875529928057527
0.875477001287577
