0.978441846222703
0.978479823016607
0.978506900139273
0.978528531914189
0.978537694021182
0.978484829378171
0.978530541728064
0.978466789083137
0.978507898199395
0.97848241777887
0.978512749367238
0.97854045101133
0.9785824486818
0.978509733803007
0.97846967707405
0.978482805279898
0.978474988269148
0.978484364315545
0.978504389919125
0.978520168540019
0.978482942438472
0.97846029793869
0.978518046470309
0.97852527385788
0.978497108652845
0.978504314056583
0.978544846083083
0.978562204509161
0.978486072051935
0.978476809179164
0.978544313007254
0.978500445474734
0.978574143450922
0.978487747175049
0.978510517848922
