0.861688436061392
0.860525706586757
0.861717348223812
0.861307592209066
0.866280562515939
0.868295532491935
0.865028274317507
0.859562503640044
0.861929166313954
0.8706316843851
0.865162511972848
0.859822396591506
0.862518151004794
0.860825597773697
0.864362539504878
0.861295485105293
0.85737131891296
0.862726266503362
0.864543560395651
0.866360074207607
0.866794583083076
0.862883912765616
0.861388319275748
0.865507237795839
0.867901073761106
0.862538617723542
0.861891553306006
0.862073715878232
0.866275576511231
0.874914712066205
0.864154070743398
0.860217907856438
0.864993496929572
0.861468287136351
0.868235529514894
