0.987345733251091
0.989918561746382
0.990516010718074
0.990961654816354
0.990971056185873
0.989416388097494
0.986569686023044
0.990720703998234
0.990391754766762
0.991212435258516
0.990289523780221
0.99081331990061
0.990080849836318
0.990730507384483
0.989697148994434
0.990691175957074
0.989591893232437
0.989228262282815
0.990659317281764
0.989789065779726
0.990117737304001
0.990808905812392
0.991182324685841
0.989919022987906
0.991167153844421
0.990406119206025
0.990313307857818
0.990875163992996
0.988594214816194
0.990114400454759
0.989831294513539
0.989073988143939
0.99081736877689
0.991049301834468
0.98962741658445
