0.989446728615917
0.989452460910834
0.989462903875665
0.98946070258706
0.989445786127264
0.989454738432508
0.989442855587691
0.989445846044725
0.98944274522786
0.989444041729588
0.989448411432477
0.989444913294738
0.989449877717063
0.989445038646036
0.989444956215206
0.989444980578854
0.989455061538535
0.989447277194933
0.989447893808794
0.989470137877524
0.989446139851254
0.989443383879972
0.989450003848368
0.989443196221819
0.989461124921049
0.989444733060878
0.989449914205308
0.989443376624448
0.989452059039038
0.989454843757183
0.989451691924136
0.989466064748421
0.989451133701143
0.989443302501841
0.989455377729778
