0.961425675155614
0.954700545177228
0.958925123802215
0.947713766133078
0.957818779758404
0.954077302849661
0.954930056549078
0.965991322116383
0.962390602214873
0.95901453203711
0.970036514938848
0.94613385452427
0.960936303490199
0.956177963114672
0.95201228402663
0.953941242250234
0.950200624102989
0.951711366016519
0.948007671904939
0.954563726999772
0.958535031638552
0.960303261408788
0.952529227464806
0.947754871730676
0.963029324006728
0.957955574891878
0.950572467714359
0.948779786442623
0.95330104752911
0.953651260922048
0.958872221265186
0.953973070658501
0.958342668720759
0.955090084368073
0.954699607432399
