0.992922874411336
0.992911342547691
0.992910792792056
0.992908328341065
0.992915570412277
0.992909103580951
0.992910327715418
0.992908270650477
0.992912532484125
0.992907652365648
0.992912131896284
0.992907368875173
0.992915647938203
0.992909443476987
0.992913297101186
0.992909830690413
0.992910305439958
0.992911149071195
0.992910777696701
0.992908774663126
0.992909729298329
0.992912497417973
0.992918192225816
0.992911041975789
0.992906207466665
0.992922691748993
0.992909774513272
0.992919797483545
0.992911426087083
0.992920370779559
0.992907873430656
0.992913226892363
0.992912436847722
0.992919773399262
0.992910646242432
