0.984112629706337
0.982610280713414
0.982543285722552
0.98245243522114
0.983727402078975
0.983945462519693
0.983678742128886
0.984116208444772
0.984067806378699
0.984578354093956
0.983536787260692
0.984616933500351
0.983450455890337
0.984910662157871
0.984274104910012
0.983484436662113
0.984453419221869
0.983460684084958
0.981670873288504
0.982945650111458
0.984642495744454
0.984147622648854
0.983842386189301
0.984145460758306
0.984091192260146
0.984634030851286
0.983989623823066
0.985240813288405
0.984476499556099
0.984042703151738
0.984554265046142
0.984004504163771
0.984038659663873
0.984018160466401
0.984480105460027
