0.989450660379519
0.989449425246989
0.989454070942661
0.989469715197519
0.989462085907094
0.98946147729268
0.989477846694294
0.989466949616767
0.989442008666275
0.989442762653381
0.98945386167886
0.989455004352999
0.989463662592944
0.989461208570284
0.989460856608596
0.98944804253591
0.989453481375166
0.989446232370134
0.989449800026158
0.989459617987311
0.989468414491686
0.989442834242345
0.989438453734241
0.989480759525315
0.989463598374356
0.989447462876131
0.989451402488125
0.989466902996826
0.989479984453022
0.989477911896848
0.989464885983826
0.989446365032309
0.989449757663861
0.98945603004481
0.989464418925374
