0.435761421043039
0.442698934904193
0.438549214413554
0.439825496440932
0.438427026159956
0.44517088147637
0.449706576095844
0.445435842531674
0.43965645979353
0.433583238298702
0.441923276930595
0.444682229888438
0.442618051537451
0.438672905140206
0.436507812192789
0.438453918591243
0.434742922102657
0.445229070777304
0.446986002116517
0.437569820418838
0.432140948438992
0.443299037094695
0.439298048329309
0.445361969420185
0.446081892495741
0.442899997238951
0.43785419940691
0.449195526932717
0.452682586314312
0.444600342055447
0.436147736523532
0.432303139713974
0.443007180067694
0.431287632253305
0.452975644188361
