0.790288790443605
0.822824720455953
0.837518306344909
0.781338241364232
0.815037002872957
0.808004273150607
0.794695686099392
0.814406567066697
0.822998539206361
0.820697206944434
0.807829867025374
0.81693689967482
0.808421810097158
0.801792423473786
0.804358604281408
0.805905523225321
0.817277828429939
0.81572719475418
0.784028479611448
0.799042287081401
0.7901032977478
0.798879964698065
0.806264963702383
0.802673032497223
0.798528001616225
0.822716787210356
0.808228618899511
0.80754169636087
0.792786144887374
0.814659224969604
0.79776768839307
0.794328734014524
0.794567894707598
0.813356551840812
0.816405700084055
