0.425501432510418
0.168213406805541
0.447676413125359
0.193710811965692
0.16556210812331
0.149781162757594
0.302716631298535
0.149997392099924
0.540456894576391
0.27189215321702
0.192877850143337
0.180135673653028
0.153876351802179
0.165470723397398
0.162771955371787
0.195918405419799
0.183881679511804
0.26698832239896
0.549212926436825
0.387241481112477
0.151131703987729
0.18757239798455
0.157257313411939
0.173056145411788
0.145253678111297
0.140862105273006
0.181647436126354
0.550057728246844
0.152036280190305
0.171336505689243
0.270992226399867
0.421752465315483
0.363956622090743
0.285147115472008
0.208297706510396
