0.49493953122519
0.27445704400415
0.616119743332889
0.378052372147105
0.634781079006056
0.496685842627141
0.533925746612841
0.629065707617556
0.525619509826392
0.393891022852429
0.522541636921614
0.548730058978492
0.34202650637482
0.601443537724569
0.492217963397925
0.635861265261016
0.575588183373874
0.647821304366842
0.503493206413311
0.65656653157056
0.632941082329581
0.50337760462071
0.243484673357489
0.389189889940316
0.378244306891569
0.224431070470879
0.212983550137922
0.522914414696392
0.480366759290019
0.323955261305726
0.660420187992401
0.697128038099563
0.681408467208099
0.610706799703233
0.2650773630029
