0.510635251058289
0.274504558781709
0.616879210907229
0.383498156238124
0.635569549867125
0.496685842627141
0.533932791397722
0.629330208361026
0.526380344423063
0.39389281038448
0.522546173557526
0.548732812664378
0.34202650637482
0.636248666984471
0.494086757780214
0.635946497834447
0.595341702706567
0.649108628405064
0.503494418539711
0.656963625199638
0.633132531439629
0.50337760462071
0.243941068447441
0.389217304637073
0.379351600187797
0.224432869390946
0.212986999387275
0.522914414696392
0.480370312287483
0.323959296872624
0.660737341208464
0.697500422995809
0.681702327164792
0.610813668466876
0.265833699974212
