0.875092670052948
0.875182828500569
0.875085978235326
0.874966805117675
0.874740315651862
0.875017564631867
0.874574984878008
0.874976999717931
0.874604455015896
0.874855614255141
0.874899131805545
0.874524826752854
0.875024381598442
0.875011024749346
0.874570246358815
0.875122953339696
0.873734072844019
0.875036366825659
0.874806711335817
0.874955188291338
0.875281180321514
0.874817005585935
0.87485532661581
0.875261745894966
0.875143847545168
0.875231791095032
0.87514593484088
0.87521523627811
0.875154443025711
0.874836949923335
0.875192318824701
0.875076326665177
0.875110591620309
0.875108127998206
0.87495658672822
