0.987228192416751
0.987279254350319
0.987135386787815
0.987243401986306
0.987303597917444
0.987063157594616
0.987306602374695
0.987291611774769
0.987374538988638
0.98744361599147
0.98725535434733
0.987165670796038
0.987327088625893
0.987515762451691
0.986941496598476
0.987461210830564
0.987435412808768
0.987171206492754
0.987013585358619
0.987393640121928
0.987306527481208
0.987432587977818
0.987119492096507
0.987287715247659
0.987260822995874
0.987359797952136
0.987391521415475
0.987439426225407
0.987449480032642
0.98733221988986
0.987440832403917
0.987428705453618
0.98746225742668
0.987448145575701
0.987164729371934
