0.990669766597494
0.990592641337049
0.990855616288806
0.990463468570724
0.991113795546842
0.990912466306765
0.990772551414662
0.990827857206894
0.990888971418535
0.991100112691847
0.99109449842086
0.991168145015283
0.991114291597036
0.990770758013373
0.991125034228526
0.99052930255298
0.990470230174363
0.990970058550423
0.990773840531894
0.990861823813773
0.991082311925902
0.991096157422705
0.991012754454056
0.990681849628366
0.991178130335504
0.990759670979379
0.991058854364876
0.990649003826239
0.990702942608618
0.990994369612009
0.991140979646255
0.990930102337997
0.991133929069816
0.990791458208687
0.990966864971578
