0.79355691028158
0.803313601865832
0.796084599458591
0.797861563102106
0.806740982395675
0.805887123353617
0.805526062594571
0.809293555936882
0.794046528942107
0.801308118488049
0.800058030281378
0.802335995074433
0.801223770108293
0.798580060841801
0.805726964944799
0.810988588819496
0.807493228880228
0.792618798134878
0.799944067715051
0.802798390438747
0.818000452214892
0.812462137645791
0.804443119027828
0.795622084625722
0.81537812415987
0.800237092257046
0.789625507872656
0.80805856814506
0.808221233900755
0.813301627596858
0.80379556892995
0.799218341833378
0.795407035983818
0.796725874798641
0.792006435074198
