0.678586524835309
0.503755450234222
0.562748054689357
0.514712447785625
0.609431644607506
0.606736703482873
0.666728964776566
0.570205941967562
0.599031698468332
0.615817079369016
0.653294373307294
0.609731119125336
0.701780451958522
0.567373359065485
0.504998466395796
0.502070064064609
0.54425674850552
0.460527871492991
0.571399558640956
0.525090777822576
0.593178615447437
0.576567621303207
0.599372104656614
0.552769569912703
0.703019860855036
0.671522089718649
0.548498698812684
0.654759580250802
0.649890167153965
0.679168441789615
0.680638137748471
0.573902549227862
0.560582409773075
0.56292513143167
0.638746823553862
