0.146231748239521
0.104987090580896
0.14479294008388
0.1498010765249
0.15590776844344
0.140108150542232
0.106936530255887
0.139581007360842
0.492569495908784
0.154300838098602
0.189380839251271
0.153043218140354
0.0525041674078712
0.0942723317728766
0.147871815835311
0.179483483648011
0.128390031983991
0.125401937138444
0.338473753940601
0.156208989910705
0.14919562254599
0.143186986747196
0.154561568874174
0.136257315184329
0.133478469782087
0.0638840710856066
0.179047009795517
0.295602605474284
0.131809038848733
0.156506092645577
0.105828997159283
0.227548615589019
0.123608063208703
0.158452283789071
0.151674793424876
