0.989442233964725
0.989455879532215
0.989455344838662
0.989457655225754
0.989451612541427
0.989461698633003
0.989471638443179
0.989466275571154
0.989471114971402
0.989459819085629
0.98944047258593
0.989473792540129
0.989451896661039
0.989441984542389
0.989463605604889
0.989450332068625
0.989472758895243
0.989445280513799
0.989463033464798
0.989471614195514
0.989479631416588
0.989444664402121
0.989367870415013
0.989469358244486
0.989447806978804
0.989468020207721
0.989463861751076
0.989458195604757
0.989467223138869
0.989475790003412
0.989456612930216
0.989437745794678
0.989460364680546
0.989473347283815
0.989455750688724
