0.99544734691097
0.99447279331696
0.99530614240218
0.995301343159637
0.995279143362722
0.994967564087588
0.994800455321999
0.994921771862696
0.995151941469682
0.995193739551707
0.995357481952952
0.99488757794056
0.995206948942384
0.995152077294713
0.995160457176119
0.995369336572532
0.995217608898097
0.9951797166132
0.995255908655312
0.995239006835088
0.995089376711721
0.995387644204702
0.99531943732603
0.995181501946948
0.995172410134569
0.995121693791474
0.994965693122203
0.995188589708999
0.995074397360762
0.995210997566668
0.993234664954942
0.995286130671696
0.99520232449995
0.995000497104554
0.994952316456474
