0.989443349242948
0.989441513428154
0.989450837760479
0.989443954377134
0.989448619775413
0.989448377819368
0.989444271920383
0.989442991574423
0.989442284261928
0.989444405589019
0.989445742901153
0.9894517442263
0.98944244817189
0.989450599595063
0.98944612851187
0.98944410783918
0.989447843381358
0.989448968253269
0.989443525527892
0.989446785579171
0.989441790896864
0.989447386028313
0.989455769483869
0.9894447812072
0.989446071183028
0.989444657960405
0.989449299405145
0.989447773566309
0.989443730605441
0.989441820487213
0.989447824622699
0.989443921874951
0.989441839422696
0.989451343634175
0.989446437592826
