0.673514064012823
0.502511720282622
0.560009418517677
0.514089267162005
0.608812542067263
0.606014301069525
0.664472921501569
0.567993239852043
0.597916745354747
0.614726380832352
0.650621427291163
0.609079861440961
0.700084635581048
0.566717112827792
0.504532267016462
0.500243184108275
0.54399267707309
0.45871852020789
0.570788458079813
0.52302775431513
0.592300985324157
0.574987829819134
0.598828804086886
0.552320491202463
0.701426979358957
0.669193101823477
0.546362150075108
0.653697488258319
0.648986904991294
0.674529824485479
0.677057976819618
0.572926041752091
0.559282492580429
0.561197168060404
0.638304105662868
