0.510434720728163
0.274484586162774
0.616724509221777
0.37805420546851
0.635465855044034
0.496685842627141
0.533929825157467
0.629090736550525
0.525620428545607
0.393891480344313
0.522545314106482
0.548732812664378
0.34202650637482
0.635867710339292
0.49347649282822
0.635948356823536
0.59162260082722
0.648670727454648
0.503494418535076
0.656644570681045
0.63308460772266
0.50337760462071
0.243610008032705
0.389209416221956
0.378246957103401
0.224431134189608
0.212985254216248
0.522914414696392
0.480368535796475
0.323957115102573
0.660551949152542
0.697293364160409
0.681637054931209
0.611031923398545
0.265573241680102
