0.987555470752761
0.987601281456998
0.987575344186452
0.987581204654644
0.98759825772449
0.987462420832233
0.987628948777156
0.987525144936965
0.987617242581836
0.987680483205954
0.987475113081393
0.987325855605328
0.9876928325306
0.987752097813691
0.987650542403556
0.98766863167106
0.987786630917095
0.987534411960522
0.987434769898791
0.987582020100265
0.987562562721376
0.987779445517448
0.98756480063754
0.987618348500445
0.987672843073821
0.987615294529965
0.987757042350777
0.987657849527527
0.98763882700446
0.987637080407097
0.987657670628599
0.987672074859915
0.987663164419894
0.987656125380515
0.987686686726554
