0.668473422857928
0.50064348105339
0.556528488601756
0.513126957799976
0.607182933107248
0.604605617490746
0.661668347153324
0.56523187582981
0.595983670292601
0.612664060179708
0.64778080496019
0.607590689511598
0.695552975984631
0.565193364718286
0.504006520036943
0.497805660384274
0.542709131253427
0.455815007043468
0.569578991122274
0.520600679659708
0.590584731322641
0.573670598026978
0.597989616571631
0.551017313164509
0.698199319197623
0.666027124536482
0.543305267575592
0.651922608030964
0.647747865766004
0.668547836544886
0.674386807385011
0.571350950438953
0.558272621425036
0.558808279846215
0.637084306984087
