0.361905441090161
0.402906238358084
0.356960799343894
0.382982057677943
0.357208247578281
0.394306160084731
0.377995847938137
0.370650616800105
0.351331184044332
0.364792381098267
0.365792357743969
0.385270978150497
0.375376596003224
0.368574115998116
0.381086464312788
0.377780660367922
0.347870933573884
0.367234637299061
0.345958839319045
0.358779421421853
0.334152676891746
0.341017007118624
0.3591774338487
0.377532844634218
0.381188355949927
0.379735306364032
0.363789807522104
0.350548350478044
0.380344832778082
0.36998485737097
0.388244912532469
0.371977161872488
0.368411458406852
0.384148645760615
0.361529398361414
