0.915024613395726
0.893900961604884
0.894791401256919
0.875349508404974
0.916734223536649
0.827542706298066
0.897204856425924
0.891108004177938
0.854380511288071
0.927442610519518
0.803531336344896
0.917401960717456
0.932536060697245
0.770576475512045
0.834950865541452
0.908100717869911
0.839488853852919
0.82309171161515
0.825511528660173
0.93623958422398
0.852963407093805
0.870369380129737
0.854252774206369
0.829250732121175
0.867745421902264
0.767627335421301
0.884429487179689
0.894678547165302
0.862821751198494
0.906133363119258
0.875890585436722
0.878842666597345
0.913261608463366
0.922655038751384
0.901718336411504
