0.520257429520675
0.530129776479619
0.53061320381194
0.540145392348969
0.533984539787876
0.533367411792654
0.5417150633987
0.523736626840264
0.569796034847634
0.520064154966783
0.521283017603279
0.566359350018666
0.572854686422488
0.539515938255226
0.534763034654993
0.560051167291283
0.544472947828162
0.526375645528377
0.526314842398982
0.518923660118527
0.521417355007734
0.526239645739895
0.552467775633751
0.561827345443596
0.547324160687661
0.558073608643981
0.543626256886427
0.547354373821368
0.565039702125079
0.560701211170187
0.548213934257357
0.530943099778577
0.558736069127711
0.529777130818516
0.580743002339235
