0.964041695989588
0.963462543702297
0.963257888821969
0.962738898705652
0.963793038216369
0.963613694767965
0.963436283067627
0.964102003147131
0.964114883390534
0.963522016092966
0.963944275448696
0.963150532249237
0.96281939430593
0.963862950543291
0.963161197016681
0.963792728047398
0.96367408202682
0.964024053082961
0.96359780517367
0.963882121849536
0.963203630360784
0.963246285019183
0.963959251477898
0.963353254568423
0.962193217462294
0.962490240792805
0.963723129777153
0.963191241421161
0.964134082999108
0.96364975360383
0.963478808406345
0.9640934225982
0.963481641370295
0.964090036578795
0.963696306828478
