0.814768072879021
0.88283451757155
0.861515653067637
0.92268545670545
0.908778574010345
0.891100491277594
0.868454015464696
0.880230611933019
0.875634705790747
0.912260638574011
0.906682794537791
0.903013320282783
0.841206155648119
0.896152497549814
0.887346164356334
0.909334682585719
0.894006242457823
0.911117379078689
0.84472459053767
0.910092936768949
0.91233579551351
0.854081687616811
0.864332222419366
0.922567097047097
0.893007838520631
0.925949204254515
0.900455218828862
0.872079184184727
0.903608543031017
0.904825178052074
0.87979280921275
0.908035786251913
0.841477132918782
0.894688162995178
0.892170525992615
