0.787895879869243
0.794055439757573
0.79018418285258
0.791032157005431
0.800061083666325
0.79813291649703
0.799261698731325
0.803699389724339
0.789115028832444
0.796740656538423
0.793596599510214
0.795688183715635
0.794274068702109
0.792569672403818
0.800177754582073
0.796066883295993
0.800210902400927
0.787318338170581
0.792897321603986
0.796693349890997
0.810832974502672
0.805218793971343
0.797555484580123
0.789357294943761
0.809335407850795
0.794823111942032
0.782201018056273
0.800456846583824
0.802953210661845
0.806994228714148
0.797656236384594
0.792015571706901
0.790646866521344
0.790809118226752
0.786048098387013
