0.989434778655932
0.98945636489251
0.989425012998873
0.989425887655591
0.989464959156007
0.989454289195434
0.989454469702457
0.989467989570632
0.989462497595686
0.989428289697294
0.989453087196961
0.989443060970352
0.989456571419887
0.989448384410788
0.98943684957385
0.989458792559587
0.989435406254951
0.989445351949164
0.989454684375248
0.98942268784169
0.989434566503743
0.989439956229482
0.989433283911081
0.989408395143306
0.989431795607237
0.989422911880964
0.989472413984278
0.989423596744238
0.989458582797608
0.989449457042607
0.989444503170567
0.989426069215199
0.989440357048226
0.989456982543288
0.989469352507216
