0.9020822667282
0.903020039112696
0.902492422179856
0.901117002006831
0.902931435254625
0.9024924628591
0.894333915573366
0.901329181157515
0.906740457882046
0.902816415957956
0.900295819010454
0.904080505811494
0.904085812754628
0.900484975492515
0.901154404097739
0.903117558600847
0.903056343303601
0.899582261743392
0.901875329720642
0.902139616585165
0.901680755996851
0.902581091388371
0.900609685808056
0.905059115914241
0.897532654298073
0.902848426988254
0.90202283649937
0.893645502508428
0.900613434475143
0.902276723151844
0.904855732645297
0.901934473617748
0.904408384600277
0.902942060122943
0.902043096290779
