0.901519511766237
0.902914507648663
0.900722275914712
0.901565888184354
0.902727039059213
0.900435013658262
0.90136381420895
0.900725326729411
0.90290207033748
0.901670588423531
0.900815512895873
0.902209714389122
0.901677698863739
0.901849189746241
0.901729797998688
0.901207347386628
0.90143485904453
0.900571016616456
0.900045333217302
0.900333915177268
0.90039189129171
0.901830360744861
0.900882179649821
0.901250051693321
0.902356255828232
0.901614560461009
0.901731016399139
0.90135142470144
0.900957208960538
0.901592329017767
0.90138845495755
0.900424352254131
0.901325100163923
0.901143780354592
0.900711348383788
