0.986703580874271
0.986798700313572
0.986428933098964
0.986346386589475
0.98670527010422
0.986678082915681
0.986939183766611
0.986919518591671
0.986822723735209
0.987147833119352
0.986925692529189
0.986822213204849
0.986964553671169
0.987074365088094
0.986453038944409
0.987041147066357
0.987122171338859
0.986840851268265
0.985807341885692
0.986700795340732
0.987042189030143
0.986246418722622
0.986748771707958
0.986795230874172
0.986655746843529
0.987026637153678
0.986765629348925
0.987161621154889
0.987100771953425
0.986599319196446
0.986922160348474
0.987112221291653
0.986916170172363
0.986732542678768
0.986441005607459
