0.953558116844437
0.96213073476828
0.953203325832186
0.964482855349468
0.96545923518805
0.952735737529822
0.960494564185285
0.967869220815699
0.954317607432724
0.973625548241276
0.967295058403041
0.974722350956103
0.96487903995857
0.966533290963068
0.923653090768022
0.961303879700831
0.966342252115453
0.971002378102755
0.958434415727333
0.961152691112988
0.965875029059874
0.964216139443631
0.965941061996684
0.96502497969909
0.968267783983926
0.966539042012578
0.957135501354084
0.965759545694435
0.954878421775
0.956358277415779
0.959086852713621
0.966092180870561
0.965405658483215
0.96616538969412
0.967666037264518
