0.510858360184003
0.274517994768376
0.617898634790569
0.383504326542115
0.635988166656846
0.496685842627141
0.5339364991768
0.63746621790041
0.529174643855401
0.393894597908807
0.522547972254208
0.548732812664378
0.34202650637482
0.636595818466302
0.49675649111953
0.635994259137781
0.598141380756698
0.650533355361701
0.50349812614731
0.656952414460972
0.633392115179314
0.50337760462071
0.368736768758351
0.389227213138238
0.381724344925489
0.224434647023753
0.212988806183297
0.522914414696392
0.480372760434478
0.32396311843454
0.660767801200086
0.697612702126538
0.68176894011191
0.611244106737505
0.26649991269118
