0.802415678878146
0.872565755171691
0.850868737456432
0.90368752369445
0.893222022449691
0.880039390556462
0.859055106816129
0.869350901996425
0.864219404877695
0.907709003705187
0.891800659562267
0.894600105377671
0.829274466565685
0.885263551129937
0.876099509356817
0.893638634705985
0.878701835961479
0.90180203478895
0.83693628387339
0.898785357232833
0.872045267190186
0.843851957179218
0.851955141199492
0.904976483945528
0.887621635532541
0.919424757189451
0.861823606699755
0.855444239202838
0.892027879067576
0.888187504631991
0.858539598191287
0.896645888967581
0.834086966655121
0.868280598753628
0.882500538927012
