0.767025485071389
0.755404051988288
0.745025896124315
0.556581779085154
0.770898470240877
0.732497181453403
0.560699628893803
0.762898542299197
0.720752506065907
0.765476081824207
0.554520921002533
0.743929889513622
0.738586157590385
0.725175087388849
0.549499937631081
0.559655998729555
0.560839545204302
0.766363451300687
0.751157791285271
0.767313787042994
0.742858866371118
0.741223942327915
0.77207936919158
0.750076537340586
0.559017844421138
0.734869930941575
0.723563404920132
0.552746879183987
0.756637176564197
0.702682474725919
0.762436832410884
0.741387369244729
0.743299908616207
0.744407653766999
0.766443318254857
