0.960079883532937
0.96361194007874
0.953002484262622
0.96769509235077
0.969093915122117
0.953411633598367
0.968516187320821
0.970081089401473
0.955331138172283
0.975488112859549
0.969213822386708
0.978212729906943
0.967569813957609
0.970243126535945
0.959609917936096
0.965313389974215
0.96877673806307
0.973799888230584
0.961466898419041
0.966552382572483
0.972180403023443
0.968476456825205
0.97069409250151
0.967325874033701
0.969540135406393
0.971083733443307
0.956714434669473
0.968850518595994
0.95579974282937
0.965269735891145
0.966797460027266
0.968512306665696
0.970461084784905
0.972605679685406
0.968946006749987
