0.665430258985325
0.499628856541548
0.555028310927854
0.512297465079784
0.606457773099356
0.602301954412408
0.656303119010916
0.563918902218352
0.595127718925652
0.610019002695902
0.64562729550725
0.605682600038146
0.687220446368621
0.563186664245636
0.502554972563317
0.496281921543628
0.539600053081185
0.454954262420947
0.567642419543152
0.519125484565915
0.58816208578823
0.573425073960291
0.59685780930203
0.550014306088256
0.694643584603206
0.66318086933695
0.541747239814102
0.650886166179596
0.64586449746025
0.663909420455226
0.670628577909411
0.569005889147324
0.55631717202897
0.557876972106778
0.635614516843763
