0.938292570203666
0.600855790543736
0.709648270032813
0.944743163873278
0.678661988639652
0.55920483525881
0.560248968120239
0.958131047949772
0.541247996565069
0.952940550159473
0.489618192241214
0.645749012279586
0.503661164770614
0.470104953591415
0.939105408756155
0.938180821480172
0.49676988548929
0.464126808242484
0.957792087788221
0.694070239196375
0.484097518743614
0.643521882358576
0.695725143019792
0.640387852424722
0.482008380252274
0.519650375789934
0.59729149386315
0.925418693641534
0.958151130880498
0.920876936655139
0.577139779966144
0.238845993822878
0.577133062065423
0.936730560140085
0.954785052651707
