0.992050873480017
0.991598650429749
0.991800436730623
0.992068714218817
0.992029923353929
0.99120584121155
0.991457151856343
0.991756081401923
0.991811695776045
0.992284837455414
0.992089200127425
0.991992327146521
0.99182029279053
0.991948062422735
0.991834410791795
0.992326188406026
0.991823920189177
0.991757126330326
0.992138097457536
0.991778215351405
0.991560514343912
0.992034102119398
0.992046656570614
0.99178695302303
0.992208438929002
0.99227869676286
0.992046190840813
0.991995197306743
0.991221128558327
0.991558557715843
0.991430353278605
0.990980747563647
0.992158616266381
0.991989050646145
0.991582982682385
