0.924029632755987
0.900023568144642
0.925858995669579
0.88238658615371
0.936187369441609
0.843586099290675
0.912957665127991
0.900381481296696
0.875669097101332
0.933779869175175
0.822414117187489
0.923425746729073
0.937389606122923
0.856322137191927
0.842234767606359
0.916040597846063
0.857061168503295
0.826857568671748
0.93424722258961
0.953401618377205
0.86077592575871
0.877814374427842
0.875773180307156
0.8492294914688
0.873864163421646
0.783834399900862
0.895493300650378
0.915167543285031
0.881165530339735
0.921850182424497
0.88540578097693
0.88707065695981
0.920777262203872
0.932780955192807
0.927588127262904
