0.900401782938054
0.900513026970268
0.901765964989815
0.901981040567585
0.900443700451554
0.900362458712369
0.903015801478246
0.900012677235587
0.901481972208951
0.901201577047147
0.901525089910557
0.901601465814313
0.900778661011345
0.899977811700621
0.900744377271193
0.900776392148686
0.901869095953704
0.901660283794704
0.900468906266698
0.901824772767506
0.901399792425434
0.900597721722994
0.901679187730075
0.901008574681895
0.900349837118762
0.90047351498221
0.901496306553308
0.902271897929762
0.901638879314695
0.903114462780334
0.899315410242796
0.902673099923469
0.900845710313764
0.902268349357577
0.899789989049734
