0.986875291254472
0.984712852549124
0.981812030650724
0.98566266133705
0.986311666201263
0.986443505917894
0.98694628601704
0.985288942175518
0.98579012527372
0.985778910577126
0.98562126139216
0.986593379791637
0.986701252998933
0.984068821286764
0.985815725580331
0.985408394759064
0.973660957690263
0.986654523360777
0.984109826002902
0.985338228196362
0.986019571645597
0.985121727113559
0.98588013423409
0.985731648614848
0.987519753073393
0.985433491343881
0.980488307661035
0.981641314977322
0.985276418663901
0.985199011826299
0.985117508379405
0.983690826313315
0.986396838891561
0.979602431676621
0.98604393094795
