0.96198005217433
0.963955402615061
0.954250773340506
0.969457598547159
0.971363906417097
0.953545931134798
0.971464549778007
0.970467705537117
0.955701671959224
0.976065175944043
0.969793482885256
0.978931015591818
0.968019976176204
0.972307278394032
0.97440482601299
0.967506034788479
0.970048382251985
0.974628500654253
0.969181893450181
0.968687680341718
0.974158561599847
0.969605317549776
0.972651715933783
0.968752651284429
0.969995414747921
0.973339021915991
0.957750751535864
0.970526039883739
0.95599618216765
0.975887275032727
0.970843450035104
0.969659143834575
0.972744958378853
0.975387321157234
0.970454588222901
