0.992913135244697
0.992911746583976
0.992910800329481
0.992908357277595
0.992915825948801
0.99290917843629
0.992923874849413
0.992908352595431
0.992912611962617
0.992907673227692
0.992911552813229
0.992907385060822
0.992910463274649
0.992909551457718
0.992910126433569
0.99291059549465
0.992908968856185
0.992911234235575
0.99291086104797
0.992908840815365
0.992910010165417
0.992912746759946
0.992911312136192
0.992909712993583
0.992906200171964
0.992922809442882
0.992909918311452
0.992912215179914
0.992911452729898
0.992920400689692
0.992908026244021
0.99291369645903
0.992912802032386
0.992910746069448
0.992910582638747
