0.337444823538729
0.354284701436994
0.355553025189047
0.361284351893859
0.353207439752101
0.332429888034913
0.352869005559685
0.342225171556652
0.348874862988242
0.280445155893991
0.358028246409997
0.347157598643772
0.352572980864699
0.35508753895905
0.356189255893121
0.363407674059819
0.362013740637819
0.351595076774646
0.361058435886697
0.323376872272311
0.356937098947546
0.359730290535607
0.300062363586445
0.333470883729546
0.34561673947362
0.350550802392401
0.356473395828417
0.356550433374561
0.351021103769876
0.364115575116883
0.350837612031498
0.357306678742113
0.332547099282034
0.348211749482128
0.351529548748425
