0.978955554592446
0.972994943202461
0.973801321451623
0.973641612139988
0.974555321062517
0.970630929199863
0.971532204888187
0.97725456444434
0.973187228830582
0.975239664614273
0.98098184168909
0.973816871791126
0.975000113295012
0.970823623828003
0.970859287911948
0.978403007120557
0.975706185539577
0.973827572685154
0.97470015169675
0.978089128903174
0.97505744628234
0.972507949894069
0.972303397262185
0.969511688552536
0.974664089858011
0.973293075494572
0.972085505622885
0.975708647425041
0.971997138435019
0.974325515624219
0.977466048915195
0.973020698658155
0.970117274686739
0.97354801165176
0.971589109507405
