0.766004731994267
0.772945616087404
0.771952131956212
0.770388868611914
0.774385667360277
0.764326188611104
0.765411115670809
0.76673424785196
0.770941078377945
0.772665144049858
0.768776074644221
0.769277973248
0.761741243088943
0.77251609252171
0.761946089835742
0.771137815880534
0.764171131296356
0.766210474181424
0.77114304010436
0.766532180654535
0.767376238544877
0.770307199951064
0.767863927712047
0.767298742535099
0.768677848237701
0.764667887377302
0.768794685150951
0.767107532397907
0.766630003293964
0.768520504935033
0.775832291920876
0.766769864490834
0.769757996869314
0.768354733467648
0.769760567161381
