0.844581799178927
0.840202318681095
0.847681922045587
0.841601716789061
0.834397125130802
0.83945206428766
0.849683252722296
0.849842876504062
0.830398730951675
0.847099940280944
0.844700720228605
0.834307130972968
0.847954023448924
0.841104998437293
0.834476429853358
0.841074992005902
0.855538678383051
0.843101643593432
0.844547678102234
0.840150037488203
0.836608336615427
0.842521171069738
0.847470607582211
0.83935583220849
0.838275780223023
0.838765717044257
0.836390965502029
0.851710107453618
0.837128894213065
0.835502272942238
0.842828148571834
0.840443167356773
0.850832909410966
0.846000122577061
0.834283109651612
