0.957378131692345
0.962974055162244
0.953769046633701
0.966364364693079
0.967439056805989
0.953063104979169
0.965209243465501
0.968982231169516
0.954947162047282
0.974838158779479
0.968490463534381
0.976542206934425
0.96623311363694
0.968494618234711
0.953800197484288
0.963832036971177
0.967591236769252
0.972890591067828
0.959945790370555
0.96254438561836
0.969738507370403
0.966500325482375
0.968386855775654
0.966189210790463
0.968992425518859
0.968923220893301
0.957650786212503
0.967536578075585
0.955590124110103
0.959817744323806
0.963193091581352
0.967465337142491
0.967888616200259
0.96969774423956
0.968219816603543
