0.954596060364499
0.932955987554537
0.95128085524603
0.914081183377272
0.926518940368423
0.951280529023579
0.880304265834282
0.951716783758207
0.941442857036441
0.943288265814517
0.946840968151445
0.917395839801028
0.962197533356737
0.936794959131897
0.932982579143408
0.924163341245707
0.93819414752223
0.925813214059425
0.950884316252577
0.917417354782674
0.933876439713389
0.851294534772109
0.926841501391003
0.853023543925208
0.955257988278308
0.910919677565463
0.916043763319705
0.959146418454036
0.962907735066154
0.941568304273312
0.952979798281972
0.959207467399495
0.934623720591055
0.937075446754365
0.93474074517602
