0.830196246481027
0.825471406486006
0.821173083507823
0.813087051485397
0.82636998952352
0.814522200451111
0.815010757280747
0.830522238961221
0.826683436196809
0.825142231819025
0.829929282344725
0.820762263141704
0.815588183087583
0.813192191251587
0.825783939585506
0.811075964885269
0.811688601982133
0.817452996380081
0.83395486337704
0.828431380566452
0.836295037690335
0.822441425018388
0.822350180703838
0.832230596999524
0.822213535164601
0.824309916692636
0.833563345697567
0.824071350301129
0.823431488671489
0.829708733870331
0.832690957935763
0.82539210958659
0.8296062307119
0.837622026573665
0.823205477261349
