0.986158801476274
0.986224389254405
0.985754471412762
0.985815976409604
0.985786833137537
0.986299020566359
0.986467933097812
0.986450946100625
0.986356220410495
0.986723266399791
0.986536739698722
0.986364152591329
0.986434853254787
0.986790477076324
0.986107873326494
0.986289271196882
0.986794064414928
0.986405243347927
0.98562619601119
0.986163016158638
0.986753319394367
0.985898039795234
0.986315228889791
0.985756297785285
0.986341896268597
0.986714491885238
0.986564470173162
0.9868383907286
0.98673539528962
0.985903760019665
0.98662886092381
0.98616417522712
0.986402104460699
0.986245558645324
0.986060507094509
