0.97613094644047
0.977084924667495
0.972683763548713
0.978299704491119
0.978450217181797
0.973939012963586
0.977693957654692
0.980571204065629
0.980108694707716
0.980817666230801
0.96964463460716
0.981839640302127
0.976170999016213
0.980096529762386
0.966773116315339
0.973769490874102
0.979117431779894
0.974097808642395
0.973166603084536
0.969328388617215
0.97161473816573
0.977237684892448
0.969174666630651
0.968564330785222
0.982155062777566
0.975511210983713
0.976511121414195
0.977792038201053
0.971390393040689
0.974453796858363
0.978240278200252
0.974839859608196
0.97529718869994
0.980557003664497
0.973871971188283
