0.990828000907876
0.990723935599611
0.990291825128145
0.990201825636427
0.990893027978509
0.990158420639931
0.99057935270662
0.990736590339377
0.990163290505412
0.990341846590187
0.991199677163968
0.990449729862207
0.990977575843733
0.990187662428057
0.990150782883272
0.990712058201926
0.990532769237048
0.99059860792986
0.990952730898949
0.99047226028844
0.990763014597994
0.990645567446351
0.990529037012969
0.990689571332824
0.990381800685445
0.989934088654041
0.990952295351966
0.990473364282615
0.990221013777291
0.991048640983956
0.991223045697911
0.990326622915352
0.989878778030626
0.990724954201394
0.989772911398358
