0.266279869762555
0.572164950308544
0.190611297882122
0.28367931082272
0.225980649187149
0.142630121155881
0.16479865406316
0.178655540896157
0.17086303705724
0.275708635588549
0.265014286149204
0.262235815312812
0.184912453313762
0.14508806938229
0.260803890024876
0.191523667080927
0.147214125063684
0.230307966484776
0.18873673449484
0.331541809060127
0.167486348570574
0.156908106474709
0.141970417665933
0.166422690261486
0.56616042327458
0.15110068825485
0.197588866876348
0.272911782859194
0.284724900929368
0.281968190493642
0.139553272741179
0.556116477578701
0.245219360056291
0.140045222859926
0.183989850150508
