0.485928672644169
0.634050081674485
0.566917595366759
0.521162531584179
0.614681852501072
0.506982673741104
0.51534901485582
0.517333493456494
0.559485510067297
0.500679841465488
0.54446502393155
0.516952546864365
0.530470236062623
0.524185011660703
0.572419921734972
0.613338459472576
0.494168051327694
0.566419217670573
0.568663451236797
0.563235989003141
0.547317933681051
0.620243481405678
0.489900327974871
0.55686959720314
0.508548165293231
0.550615542976432
0.612407650248464
0.559280935291138
0.539843455332453
0.627415828476266
0.528848437591486
0.553691154732064
0.531563904146078
0.580755743898276
0.554453652138412
