0.918454936077299
0.915205226749269
0.916688191341436
0.915556245596511
0.921209494058182
0.917832721592989
0.915422001077446
0.91611567321526
0.919305632322654
0.915317068932655
0.917673159989284
0.916733302406492
0.916110706323146
0.916669931657337
0.915510047839117
0.916235253061424
0.915774551678492
0.915539676848663
0.917240708905119
0.915419836280168
0.91872922855048
0.915539131979754
0.91532344677413
0.91492679742034
0.916631627154718
0.918804820634798
0.918959354164476
0.916940909960672
0.915355543371717
0.918452267142963
0.915612919829761
0.917909966213764
0.919859697859527
0.915573555325048
0.914915468948089
