0.959324697659885
0.851707115050417
0.950903469967404
0.96459773833443
0.963676244136892
0.960022373938406
0.921748130001207
0.964283183099448
0.964370359372478
0.96408459696591
0.964410571143409
0.964384422354146
0.957354088591731
0.963764783127513
0.95958300107017
0.963348995080072
0.961110634119593
0.961167481053685
0.964352122687725
0.959118642013604
0.953067977782662
0.962054407410601
0.964050309174625
0.953550882208528
0.964447462474304
0.964360440682014
0.963859808413686
0.96349886781472
0.961620771851334
0.962311507011768
0.960038541799528
0.963693436817662
0.955156931917578
0.964506210517432
0.963590547091986
