0.878250064376664
0.878392477098191
0.878050611811594
0.878213824173944
0.87839659707142
0.878364112828702
0.878368139734579
0.878651539522934
0.878402400802041
0.878510434171454
0.878377299125576
0.878229779211901
0.877990647520214
0.878451406023665
0.878063207481414
0.87840896927306
0.878385186324012
0.881598671708554
0.878314943501917
0.878281161093771
0.88126251334537
0.878445107262993
0.878282752792019
0.87839170031788
0.878290519716474
0.878175332709334
0.878197798836375
0.878237831108527
0.878319981768962
0.878520768102431
0.87828399649502
0.879413486324714
0.878372209386575
0.879050347111203
0.878417613211001
