0.991549255847776
0.991563342507889
0.991574152814693
0.991564331922763
0.991399404428052
0.99158815901673
0.991480198831006
0.991488425660853
0.99148663441774
0.991435316539765
0.991486203389149
0.991481077232248
0.991540055456661
0.991501359118089
0.991545994947756
0.991472786560393
0.991368433217014
0.991555484018439
0.991437839963718
0.991507015117658
0.991483098711848
0.991585687281825
0.991508287949605
0.991440003116361
0.99150448702667
0.991467612647496
0.99151781657526
0.991513461895277
0.991414770510572
0.991451377374475
0.991448505879783
0.991391193506191
0.991501958745492
0.99154717564267
0.991530525728504
