0.980405962991175
0.982214840776426
0.979095869976466
0.986691954217279
0.986294409798775
0.986314732628586
0.985018101938421
0.985637650274375
0.987053807014212
0.98563004327272
0.983831226052243
0.985535063930968
0.985382522039098
0.984335887856499
0.984903905817666
0.981740498293442
0.982829771861501
0.985363786252607
0.986917758194079
0.977951525156905
0.984768297355015
0.986525654692711
0.985702629937513
0.985058637128907
0.986217033862164
0.986373631665233
0.980982227313186
0.986270410128109
0.984309812537206
0.98140981108001
0.985504243931578
0.98384549877637
0.984400869808077
0.985701583081644
0.986403938125792
