0.151113637087418
0.57749667918565
0.151113637087418
0.921493091313891
0.918633670341083
0.577470086186063
0.924875121829741
0.577487827681563
0.577483149236837
0.57747995422449
0.577487813527472
0.577533118324222
0.926334285247784
0.151113637087418
0.577499524556861
0.922887798685729
0.151113637087418
0.577500337018783
0.919915244156794
0.577484453596218
0.577477749084589
0.577465009175351
0.92314829178716
0.5775036324337
0.577486256076601
0.920168101061372
0.577501173531894
0.925288587217651
0.151113637087418
0.92281313313747
0.923856697720748
0.577471270266661
0.921340729814489
0.919612160906305
0.577472771954599
