0.990562461152032
0.986735779375016
0.989511542599179
0.989501632428342
0.989346982909132
0.988913871364649
0.989257531793929
0.989191975774454
0.988654224948917
0.989942862923461
0.987532678640193
0.989703715078307
0.990183568219137
0.990048038218967
0.989754158649838
0.989104018455768
0.990075089694425
0.989431365609893
0.989537377131096
0.989531478020256
0.988437337365252
0.988511382847663
0.988624007433898
0.989306025855088
0.989205566133038
0.990056867340094
0.988853776207898
0.988510730880473
0.989206230604412
0.989692032348591
0.99041217618274
0.989225319057212
0.990403663220468
0.988775509800774
0.98797266532431
