0.241314518909925
0.564383557083731
0.190214612212952
0.193782200765227
0.215481235264628
0.142229668483916
0.154674487059115
0.178414866451056
0.170573702584835
0.254758426468129
0.202951165894701
0.231490818796463
0.181723342471373
0.14475485613022
0.242792848120341
0.191035867428392
0.147062054613524
0.16934114243307
0.188176880341913
0.274702101120407
0.151254869594031
0.156124362337064
0.141297373722156
0.161508528195421
0.55726127968211
0.15107678595328
0.196595092822766
0.249334816965922
0.279215831803531
0.279303868182856
0.139498931838378
0.509630151327423
0.22277853211862
0.139718216130612
0.183201487616686
