0.849713316658036
0.859943568602711
0.854563026112313
0.862506143514045
0.853267035601392
0.859870525784828
0.858783983389729
0.861522384224992
0.854234553261689
0.850109923439398
0.86344665344566
0.86181229949008
0.855255596400006
0.857853447891681
0.843164328912303
0.841326264339377
0.860683342544063
0.874935821815865
0.864867907068484
0.861071415987225
0.854521997946446
0.853167584656606
0.877129884803493
0.859521219470626
0.867397984242941
0.865927095887142
0.848709537452724
0.868209135544706
0.859839059585512
0.842122857961945
0.86961816661737
0.83534270823894
0.863100112139743
0.860896997488241
0.854967264514558
