0.441590594338067
0.444861501425851
0.445629797641688
0.44789042797276
0.438022455135548
0.449633696961044
0.446347701442707
0.439683488980316
0.44500500390495
0.45386581543749
0.440986863739488
0.452443146467104
0.444725834298444
0.446823968152998
0.436045585324058
0.441364900432856
0.445759000627481
0.448781833819207
0.443826049507416
0.442847276507073
0.444216821293559
0.442750568068168
0.441655681186671
0.44378114914748
0.446607902297195
0.442972249123123
0.446070106238732
0.441525733940271
0.440542701464817
0.444506736788058
0.443380080813694
0.449551012191671
0.435504172336682
0.439757221740313
0.438464333474552
