0.802561884490122
0.811561025713206
0.806523908996095
0.815495939047813
0.801688421160608
0.814057566875573
0.806632998924712
0.815768655041695
0.807557573401431
0.805506574598512
0.808833745713532
0.811256655857865
0.807476274433459
0.810961129398773
0.816231006652433
0.804420767910264
0.815530639041443
0.80621951159677
0.806212380892636
0.800610122392256
0.813771946486751
0.808958099386211
0.810659797990113
0.803279278391838
0.807986691542951
0.810362762466965
0.811726996404642
0.805726943763296
0.816242063746804
0.803873443938158
0.803337296274755
0.804996219863459
0.815882233785289
0.816282930169181
0.807132834201439
