0.935966781339615
0.931986350177962
0.934686098956939
0.938703771623835
0.930961403208146
0.924914800226117
0.936002516649943
0.932275020986806
0.93696141704292
0.937231727478008
0.933930018350481
0.933911687627326
0.933008791602549
0.936136310376424
0.929543185936972
0.930143728212675
0.933097910592551
0.936149829832274
0.925005710955014
0.935725834200732
0.928427362156549
0.930331065484941
0.932391952744943
0.926387083575166
0.932100465815782
0.932148425365901
0.925920557231359
0.931481140875326
0.940311887775889
0.929418643477959
0.935330643408812
0.933946438216042
0.93490532789217
0.926125648708099
0.941599749654656
