0.978220596586761
0.96045159144834
0.966898342370596
0.975212704821144
0.974591282408359
0.970868218821277
0.96951330553648
0.970930098807479
0.974552805786935
0.978600094887284
0.976584550365264
0.975015273531312
0.978862459790434
0.977255271964425
0.972209002697326
0.977824627587415
0.9815471452334
0.972607377819506
0.974490409484444
0.961262396914619
0.972762267657732
0.973141205865794
0.975897197146358
0.969429068321125
0.975075002287264
0.972081240155965
0.976249999857478
0.969980904510651
0.976218165263499
0.981598791917587
0.973478296666204
0.973988634175494
0.975385305064158
0.974562449105519
0.972321305353368
