0.988053232529047
0.985648822479161
0.987179305391029
0.98811733741367
0.987505424096032
0.987933912379796
0.987919851003656
0.987583083058065
0.988114905533216
0.98893734545983
0.988525637065999
0.988274337509131
0.989208326694073
0.987913316328241
0.988366280120897
0.987684073235706
0.988788341476777
0.986085152483081
0.98656540631296
0.986751629701728
0.989300626896354
0.987123892672744
0.987942364854064
0.985970941288651
0.987361641740184
0.986445120182468
0.986257406301265
0.987329088837402
0.988299372634687
0.988193528263101
0.985692195078768
0.987497625154344
0.987945751178881
0.988972079147633
0.987875049635734
