0.991554410728947
0.991560318505901
0.991591672410944
0.991573591503358
0.99140379686205
0.991590179277044
0.991498696398942
0.991495248716832
0.991485984577118
0.991445195849071
0.991492241252364
0.991476241029658
0.991543185145062
0.991515004292102
0.991542733758569
0.991476651181414
0.991370608657681
0.991575681874733
0.991485582409946
0.991517528409217
0.991497199439381
0.991583151539236
0.991508269499774
0.991434778327354
0.991502695309183
0.991469566966407
0.991516336812696
0.991513070716708
0.991409734047979
0.991466169481621
0.991451830502619
0.991386001842074
0.991515682811765
0.991560142646005
0.991566092623969
