0.876510014389651
0.878094916654008
0.877691628964597
0.87783269180493
0.878181100206265
0.877614811033616
0.876629253299126
0.878251768481387
0.877691934774069
0.878231624604283
0.877765249637385
0.877613995492909
0.876631941748607
0.878223478309962
0.877700161710979
0.87808200143139
0.878012198247622
0.877800137124206
0.878067853591948
0.878002472817327
0.879228479547237
0.877429708684164
0.878068962711997
0.878085140517923
0.877764380165444
0.87794899834871
0.877188548992943
0.877362645760457
0.877805435520962
0.878123938254591
0.878138775011164
0.879092728632035
0.878015401889863
0.8771684425403
0.877906962731916
