0.997169459165926
0.997001848075418
0.997176600433737
0.997182625064144
0.997169258479487
0.997179405012418
0.99716534585486
0.997153824595011
0.997163417874741
0.997188053362305
0.997156520496646
0.997178657781396
0.997177372985723
0.997179315427811
0.997173756194615
0.997203120042571
0.997158657791739
0.997208270840929
0.997178276742186
0.997170216691143
0.997025931138882
0.997184268662554
0.997168649760557
0.997197280933125
0.997179706993418
0.997195625325064
0.997165181203712
0.997176200366384
0.997175677083905
0.997163591605789
0.997171052169008
0.99715540170464
0.997195481529553
0.997192277123554
0.997176167500925
