0.853512648410675
0.327824549592018
0.89941976832246
0.586609394998701
0.34181185106665
0.48745265971629
0.482531010484866
0.621540180945818
0.910312247559431
0.494091898070593
0.91173257895767
0.481705061862731
0.452004274759298
0.595494821978505
0.474536009118972
0.888281000959213
0.494010867312527
0.637253602248569
0.885890725120108
0.890730270065126
0.488104207457143
0.678770549303252
0.887668393742612
0.629638343810968
0.663474752691803
0.60411684725217
0.530282474384728
0.496715329934816
0.890911321676794
0.800333388520833
0.616950711618161
0.649387713776567
0.650419523382371
0.465479797839294
0.464747987181509
