0.990488287157907
0.986462133923878
0.989300306653539
0.989398322841545
0.989318597310842
0.988737069818652
0.988654335345858
0.989120416381207
0.988212908557471
0.989871658228111
0.987268508415769
0.989370506215161
0.989957264775479
0.989508325225739
0.989558386779373
0.987985816130005
0.989841226597477
0.989378669332986
0.989508621387744
0.989342110774347
0.987809497829482
0.988150612005963
0.98839649295173
0.98889654372621
0.988412925446851
0.989865884145871
0.988814393585522
0.987924349673844
0.989054627772891
0.989435155142961
0.990389109767527
0.988747101471042
0.990256956748236
0.988023433316181
0.986737262487171
