0.935790483682101
0.932063130016378
0.931739565237479
0.937582484154845
0.930974881277688
0.925209651501366
0.93148992372756
0.932307750687783
0.9368176963255
0.932945062910944
0.933919675812064
0.933979197306729
0.933016575229545
0.933009570328297
0.929546359095948
0.92994109490457
0.932953107589588
0.936087514458845
0.925262146678496
0.933955502034562
0.928362744821604
0.93020858284034
0.932618463116842
0.924216034021324
0.927304030043126
0.932026935213742
0.925952376300229
0.926557606939375
0.936005919087844
0.928544217901191
0.935206732047268
0.929624819179665
0.935314604934474
0.926435690380576
0.935019498717937
