0.773179444347984
0.772629430477863
0.772296871114407
0.86201991417305
0.771217173474159
0.770694205544891
0.865706280623185
0.772440012135512
0.767733374598084
0.772053928057771
0.771665002749684
0.771986533539401
0.771842875912202
0.772828947083392
0.772586280121113
0.770503422125182
0.854632740011692
0.854832888605454
0.861309649397725
0.866286869395395
0.774000666868397
0.77258767075575
0.771072685359308
0.868568708567531
0.770883060894489
0.77297512197222
0.864903014579635
0.771747552618087
0.869466884826401
0.772341213475236
0.770419962849983
0.772576073445315
0.770800555011275
0.857948651144935
0.870239046203714
