0.685744846181105
0.905878608384315
0.764522043207143
0.742202517313856
0.65441252645633
0.555911508982988
0.653841924455598
0.662860669814243
0.511444762617839
0.572672229440256
0.574901792764017
0.644434644832678
0.735813374262706
0.589663016907117
0.650793129711144
0.659364594361389
0.730991598987261
0.738096222189948
0.667187133711716
0.765592174119597
0.733385384650765
0.655281444255522
0.746420182942238
0.645390890509325
0.730381314735758
0.827524377607762
0.573848129062991
0.644077073153874
0.746101368345243
0.644598985067418
0.740731871226985
0.501162711022394
0.735789740440195
0.750542741763912
0.828679494577475
