0.827784154308744
0.817684478263893
0.825713277726573
0.839756830560034
0.823703400183988
0.797697578199323
0.773768872588928
0.824466067207331
0.813313266115426
0.815744053584598
0.824050843178383
0.819502170122559
0.794657541757754
0.777524461023746
0.810489918236713
0.811988218226168
0.7871827335599
0.818430551687554
0.834624067829378
0.791454359934166
0.777807345976731
0.850223541212641
0.821406932731111
0.827159120780408
0.807124952492495
0.824323564852493
0.815615089438135
0.823529879461735
0.770791564618955
0.792506931428363
0.793331321435104
0.83511922058296
0.841850120756411
0.823070636122752
0.811434108309789
