0.880124581431002
0.327963924693841
0.90409599528268
0.587023035879583
0.34184768781497
0.487884086056228
0.482716144451802
0.62483791176102
0.912446102451019
0.494408039940075
0.915336351067357
0.481910406585993
0.452107400490241
0.596003717829036
0.474864596647972
0.893807668205424
0.494563578123769
0.639831882992999
0.891731995305695
0.895043056637501
0.488271836310816
0.688374789683612
0.893115072401961
0.632467236389233
0.66667392180155
0.642556402690322
0.530610764963553
0.497325183106022
0.902364490451847
0.804412273882377
0.625088534503813
0.652088517138065
0.653802247504311
0.465749950775847
0.464947351978496
