0.822620836924109
0.818542034400102
0.834707843556984
0.824977801113634
0.834084895953706
0.827149923002368
0.826847057696983
0.82415392976673
0.826182511679792
0.816853844382639
0.836042652562933
0.84902015500361
0.834428158222313
0.813209633509693
0.844381353781461
0.837199251159867
0.820131772631641
0.842958161144255
0.834868768984807
0.832500337778349
0.839227375369332
0.823652018716826
0.832196200454121
0.829865859771033
0.834777861980958
0.822872778432674
0.835480775577271
0.845938190016334
0.831028563855361
0.836853116617285
0.838183970336479
0.834794717109168
0.82203047312435
0.839318956288644
0.809944853491127
