0.685687924449253
0.90578355715356
0.764491338632979
0.742155971448362
0.654361422727432
0.55589062072826
0.65378255525412
0.662801504641577
0.511448600156508
0.572605839918828
0.574874242377844
0.644426822418539
0.735786852832743
0.589635452541333
0.650733252473327
0.659300399596962
0.730935585240154
0.738076147083472
0.667055017176882
0.765556253802344
0.733336789859451
0.655278082106267
0.74632054286649
0.645370559019727
0.730358176983732
0.827422893072142
0.573755351455819
0.644022685723868
0.746050317489673
0.644484418402685
0.740603043773735
0.501081799035839
0.735755539927911
0.750429831513589
0.828452901437715
