0.895774535092733
0.910939258185526
0.924232068335819
0.912289379695303
0.90682519668832
0.920738083512413
0.910368307416206
0.909172995859165
0.945253233707487
0.915127681523315
0.92854797539597
0.935393349170706
0.910384975099733
0.907997725750719
0.910037075744034
0.931399277043578
0.856914982662448
0.896657559509011
0.914028239025323
0.905866915264674
0.923040045436927
0.898304499049538
0.898041342241212
0.895145142269534
0.883768565224666
0.902662067802258
0.90895880705049
0.921915204208966
0.891958615108263
0.89087542536905
0.909729719875432
0.921660519990043
0.889708118182773
0.917958108010479
0.912634184783053
