0.287445808427205
0.263558427928571
0.214428572083177
0.353419172764195
0.248378624631054
0.280232765763329
0.32833553447993
0.276649288398295
0.27343420101526
0.28168477758542
0.286843614750419
0.271529771773775
0.278151907084284
0.233794082097064
0.289027816731125
0.290277985341823
0.272846216811295
0.275960278694481
0.285326391000206
0.242670623145917
0.262065607401219
0.24293270119449
0.248843036997289
0.293246884496547
0.280919926328917
0.290268120902246
0.270310224738966
0.287124778252222
0.348916231965285
0.291810501298827
0.525378605087753
0.288672310303085
0.24561896375287
0.276956476422925
0.250326111151589
