0.991516760772179
0.259099783356695
0.259099783356695
0.991534773167663
0.991475146459592
0.259099783356695
0.991531264323285
0.991416027207551
0.259099783356695
0.991523659433437
0.991557961163098
0.259099783356695
0.259099783356695
0.259099783356695
0.259099783356695
0.991527185121462
0.259099783356695
0.991453439893247
0.991439262717333
0.99151329581233
0.991511142339181
0.991454769071028
0.991492500547532
0.259099783356695
0.259099783356695
0.991499727906398
0.259099783356695
0.991569557690342
0.259099783356695
0.991452932572722
0.991451316801381
0.259099783356695
0.99144017571046
0.259099783356695
0.991442309327751
