0.861202727014077
0.843015237573229
0.836756492145798
0.84210381390298
0.844658418291271
0.846859045113169
0.847558228379155
0.850832414820876
0.852114248533766
0.834804460288551
0.852558831178462
0.869332667242476
0.847227396741714
0.842635160889171
0.850365515736341
0.839218026261128
0.840544841451311
0.841816826460575
0.843681938790635
0.844748396765081
0.85272941987653
0.830310702050865
0.855310556357106
0.83480431643012
0.844909032908114
0.843092535427026
0.847423343340777
0.854229807376894
0.855816075661834
0.84275383860014
0.850967262044221
0.843252689967297
0.848711046728743
0.84934038709336
0.847006917279592
