0.624065000820798
0.517417653588897
0.534034223181765
0.718480237202749
0.723242534409957
0.523890896518212
0.505132379194592
0.692915449140774
0.368122577581935
0.499604311242683
0.412398097563299
0.295765874648055
0.620400824957764
0.69657217261195
0.582478127134696
0.519363759819425
0.553362894123879
0.668247034414102
0.528992343146323
0.725283608694814
0.301608829463892
0.482286056403452
0.574609629639068
0.477998642859638
0.43833110877436
0.503177983722162
0.402875214227852
0.669261926991263
0.63772755915571
0.642903118568078
0.638700547433619
0.536970902242132
0.544994874295916
0.4335472914063
0.604704231839643
