0.990588666049305
0.986764001145337
0.989675944928093
0.989680002263693
0.989366846525003
0.988925569230683
0.98964545831837
0.989214626891726
0.988971599612789
0.989967071264192
0.987767566315876
0.989879245307702
0.990269558168326
0.990076352000391
0.989764958993546
0.98919868223798
0.990151883517679
0.989450460301109
0.989572465176129
0.990162549614046
0.988478448548412
0.988589032758652
0.989273009499519
0.990403420452127
0.989666278027368
0.990146879221277
0.989097677898697
0.98987544700811
0.989453741752987
0.98999805231485
0.990440389435892
0.989361394306877
0.99057081945149
0.989234062309756
0.988879745145119
