0.927162455079061
0.928651129838879
0.921027278936519
0.930714680528876
0.914697231384621
0.918346799808387
0.922670035824932
0.933392475936524
0.928812532213667
0.930644566686876
0.929433591362549
0.928026003088882
0.931739105381173
0.930030880600377
0.923827311628518
0.920757356905187
0.937278113738076
0.91382184696443
0.934238629029788
0.933200906478465
0.928277072170468
0.924134536724305
0.929983765331403
0.93632917741415
0.934796599918963
0.932718430472883
0.93547319429205
0.918539075223151
0.930777287444512
0.936470699736207
0.938538156381158
0.912405369946252
0.940087667009247
0.933959354243702
0.93024079332917
