0.840382839522385
0.829116733026196
0.834419553689773
0.846139827392723
0.832799398546587
0.803702166268424
0.778952979580901
0.851982407006066
0.821005055488341
0.824201220215124
0.830988447546478
0.841100647900253
0.816111878224423
0.783282183695576
0.817916805069053
0.837080057186756
0.864668360826453
0.824761119430234
0.891431789218933
0.797549528174171
0.783750829656722
0.859259315218122
0.830971304386162
0.835863208526361
0.814172780409968
0.834381029466712
0.8242663619407
0.832307477286356
0.776084368816402
0.797284767102681
0.800016994347899
0.84199677027432
0.850504961696294
0.833484596974154
0.818771686291163
