0.991396721096597
0.99146832287325
0.991531454227622
0.991538887157603
0.991287917800993
0.991562813965497
0.991011373973825
0.99144149343505
0.991445905595325
0.991382556217599
0.991332855374296
0.991433534543108
0.991488650538038
0.991500030730405
0.991457849237011
0.991288998309125
0.991301141043556
0.991500677328549
0.991387815527066
0.991492811664306
0.991441778413084
0.991419542610226
0.991433860772583
0.991424677434234
0.991455551302232
0.99143458732253
0.991484971702462
0.991458358753673
0.991339476582108
0.991325220179011
0.991337021301447
0.991323958085122
0.991445192272894
0.99153652449004
0.991517544637593
