0.421043070889217
0.421705194042037
0.421934548232012
0.420390363548426
0.414934639470556
0.422246465954069
0.423793007358717
0.419443105175602
0.421674147764574
0.429580685108739
0.419330601164432
0.423632175438705
0.424240960223786
0.428694513696104
0.415178442856445
0.415600404661987
0.424049214953624
0.423656815217554
0.422819261391349
0.415289495378979
0.423281911536834
0.42126001444074
0.419064403767927
0.414844113878671
0.41437273892534
0.418092489237231
0.42225587900935
0.419577678310914
0.419881222383236
0.418545288995233
0.42628331088498
0.423085257558117
0.413738742529792
0.418407838626244
0.404208340798547
