0.991515785895116
0.259099783356695
0.259099783356695
0.99153143064883
0.991474016936736
0.259099783356695
0.991546479932351
0.991410744432194
0.259099783356695
0.991520722528522
0.991556080108823
0.259099783356695
0.259099783356695
0.259099783356695
0.259099783356695
0.99152643355265
0.259099783356695
0.991467311558605
0.991437543383007
0.99153116849044
0.991511565430051
0.991454690480653
0.991503732637234
0.259099783356695
0.259099783356695
0.991536834078709
0.259099783356695
0.991571239804798
0.259099783356695
0.991450773085043
0.991455850495815
0.259099783356695
0.991444035814223
0.259099783356695
0.991444255802566
