0.797374141283864
0.954611563259521
0.797198068677831
0.96014891524643
0.79684831047257
0.96000298422752
0.796985198617566
0.79667106399436
0.94264138471412
0.931997086818055
0.958611364687024
0.797288205411514
0.963427000183271
0.958508879729657
0.960718189966678
0.796986851161871
0.79722372580713
0.956843890885159
0.948735240333498
0.953647990437098
0.796877154911961
0.958422342135455
0.797236437439753
0.79731328609385
0.957679579327154
0.939880880661574
0.955443418647046
0.797162566875618
0.951882935764521
0.956996732439766
0.797302405860934
0.94898638361264
0.958807999051409
0.96269094873507
0.797085623658934
