0.690663650720368
0.604847488150555
0.72628539671172
0.79326181987096
0.667749106035518
0.668937411512483
0.6452700562371
0.623710617380143
0.639634078232994
0.587830090640983
0.673912495941459
0.667451149821979
0.558148556251526
0.639096405002791
0.644818760550418
0.71871182115339
0.652875592768087
0.679031545312213
0.664965597762088
0.723159417916732
0.656507194772297
0.659769841521198
0.607769062916012
0.49513371197619
0.622901795055239
0.612336914214384
0.551510679312113
0.731905373653131
0.522875712557617
0.689894646341423
0.675997575051731
0.588375822836085
0.652173978317122
0.672558090805249
0.669001026663672
