0.773281506087455
0.772398048964149
0.772629394139224
0.860331477391287
0.770998898259937
0.770773673012914
0.86601191615971
0.772503190343075
0.767516769943685
0.772451454768928
0.77159349341419
0.771934999210886
0.771530488718597
0.772692143001059
0.772625695344192
0.770578961011667
0.854453654517961
0.855364962416882
0.860514655329703
0.866097224572883
0.773864687202701
0.772908862890488
0.771005031468021
0.867468330101858
0.770564274526404
0.772665090815356
0.864234961711226
0.771495499159362
0.869077857581932
0.772069672392931
0.770179023775354
0.772537409405026
0.77043234735069
0.857041672148528
0.872367170194373
