0.997194105146997
0.997191179965293
0.997185136478775
0.997160215257522
0.997192110024527
0.997178412220526
0.997183326369043
0.997167411905782
0.997178696623266
0.997183530365817
0.997181464571119
0.99719342460477
0.997149798242362
0.997183368395655
0.997156475179655
0.997188969542403
0.997181969348513
0.997159879827558
0.997176575721099
0.997139634341992
0.997178590986879
0.997160902994819
0.997176988722252
0.997172774914883
0.997163295452761
0.997206104094168
0.997169586043839
0.997152885297573
0.997206454227288
0.997168021315178
0.99717660430257
0.997179278802349
0.997174272617818
0.997184331319004
0.997201425097397
