0.807368226739484
0.584009513420088
0.811923252452205
0.772483294208963
0.801629234075705
0.577252116395219
0.590904548025182
0.611409599683095
0.577151571143552
0.577132350547347
0.57998047461711
0.775002793128977
0.646689867638044
0.599627306289961
0.577067267943464
0.577250294462807
0.681417638650757
0.661209796433351
0.577291099759141
0.5772772730666
0.792892723843783
0.708707508523386
0.57715412053555
0.577292288210183
0.793843394441295
0.57737703347088
0.576472149182125
0.749866781223818
0.576940371689503
0.674037512418917
0.779918685483035
0.577139442996856
0.810606171207526
0.807332673205832
0.766785561371798
