0.983941478593753
0.976299782349484
0.978844526277312
0.981979098917341
0.983445614198134
0.980801133221388
0.979562260944801
0.98174981148492
0.983013448730581
0.986278302535897
0.983460034805087
0.981399462445727
0.984189576461095
0.984385793099626
0.98096289907073
0.98250973976617
0.985564546410863
0.979553734773461
0.982994489546532
0.973810335583862
0.984260479406146
0.98052291662053
0.980690999710316
0.980245996186519
0.981847695195187
0.980202470685976
0.982115849535057
0.981024126964238
0.980318259522168
0.98471471810318
0.979439996328166
0.980470069836655
0.983458270124674
0.985771228259992
0.980344106297873
