0.977770339825549
0.98687063618422
0.982053636015896
0.988053987960426
0.988617646400365
0.96589467170289
0.988965178718272
0.988474250023734
0.988333358158436
0.986376182194094
0.988682817500247
0.987181475522227
0.98950054647155
0.987319339739098
0.96631703743503
0.988734125896202
0.988610694745683
0.986873199117179
0.988907062453341
0.989443055670479
0.988546658579598
0.987563584542356
0.988426714208419
0.988593701374764
0.9865255605604
0.986877379045236
0.987820007697658
0.98731431677677
0.9878053133506
0.98916927128613
0.98898731294458
0.987775203075964
0.987160013722991
0.988936534363996
0.986627550282418
