0.965111015356932
0.971841057782172
0.966548352192791
0.972689512114404
0.978012891382898
0.960220652663429
0.982530059303427
0.984960752926832
0.974283911988337
0.976418347909506
0.983808869453757
0.984035914414422
0.984699081978407
0.98356012536165
0.958987057619306
0.984941109501683
0.984360540183677
0.975582731806033
0.985920891007515
0.982673959413648
0.974575987783122
0.981054743806167
0.982692721939178
0.980972726950693
0.975853287914824
0.983729632159232
0.982606696887413
0.973537350011092
0.983471041513719
0.980583701182846
0.9839532241001
0.984539233021277
0.983455397714243
0.974187335493845
0.974030715341437
