0.888000146217262
0.739335616353229
0.754612531316004
0.903978945883761
0.742487239115091
0.8202270040025
0.712066386468814
0.742216413455666
0.740547995337751
0.823729504741602
0.745315135103073
0.743620404993884
0.745025847362164
0.74600751840884
0.746412103844451
0.871943021706071
0.736320355490106
0.747970280422151
0.743893891285889
0.742193056807389
0.694865798066167
0.851297001412762
0.864102572759439
0.62260740662096
0.749170738622561
0.740633847010161
0.632691558530193
0.887929966377645
0.706438629494013
0.748654181394554
0.826937500843991
0.711638254657271
0.722966425053449
0.734694538482694
0.745517525960233
