0.263119793260851
0.569880555713949
0.190472534397494
0.259041243188382
0.222945335616266
0.142430218777621
0.162706244344499
0.178608447913726
0.170829205044697
0.273655214288154
0.232345061932244
0.251137182981895
0.184551127265042
0.144921119947613
0.252412124613574
0.191412108918155
0.147129923623657
0.221708042995544
0.188490527133884
0.28897056228328
0.160586195656488
0.15654635964233
0.141733051804895
0.164717740058132
0.564588729785501
0.151096574098642
0.197068229387627
0.268932875331683
0.282302776015699
0.280989826918438
0.139533610866939
0.544900454336989
0.236270673618264
0.13994758067713
0.183588200551014
