0.698384739459611
0.576229052669266
0.78860561154602
0.64394025800644
0.788224473592948
0.576121223927398
0.575710419032305
0.576052677934895
0.575774580409823
0.576165212731278
0.574267018972707
0.651330969037103
0.574464097247532
0.577510299386253
0.57498108731603
0.576499549988416
0.586586183610903
0.580259150004614
0.575975168797331
0.576460571269755
0.625385739558569
0.587443805519926
0.576344809410966
0.575465898411242
0.664597853923125
0.576014869535997
0.574297405822108
0.608934482948571
0.576225990858622
0.584162136015147
0.627894895447318
0.575910216442271
0.707562669564757
0.696720290743081
0.601438532385748
