0.837805942443266
0.83858995952604
0.839412192363987
0.839084099868137
0.838501676946657
0.839407028557004
0.841818729502795
0.838226519463448
0.838394172422688
0.838442576021317
0.83753451788812
0.839813885078204
0.839609994954573
0.839298304087705
0.841206983459014
0.841663309349547
0.83853815203849
0.840340337328939
0.837927222218249
0.83642855000962
0.839690584019285
0.839722550046233
0.842271854515389
0.84309024281524
0.842444983763997
0.840334804003918
0.840442191539791
0.845466775312148
0.839355850506968
0.838733526970116
0.840637764394142
0.841497442743159
0.83681144569285
0.84327555689048
0.842097640740237
