0.77327017606217
0.772103855246771
0.77250471682629
0.855796870479848
0.770779713804234
0.770718320687812
0.863350198451036
0.772519808894851
0.767260202327556
0.772401182229502
0.77179240616193
0.771856872428645
0.771363955792941
0.770852733833231
0.772321393502686
0.770540673838513
0.85158013432712
0.854578508538264
0.860180257822968
0.865985704724489
0.773456584635833
0.772585164870965
0.770495819004381
0.868842284519777
0.770732771874883
0.772632415261167
0.861588941365289
0.771323683326994
0.867130904456625
0.771949043653616
0.76988485870569
0.772981422281785
0.770830216693506
0.857450249075541
0.869675912442819
