0.862083898364049
0.862367378972452
0.862173135780529
0.868611570323425
0.863342291536912
0.866474850052903
0.85873977879134
0.868446571526003
0.865896223662094
0.864272413394469
0.865985845078442
0.865076682394701
0.866952130281633
0.863777796477661
0.861137887752123
0.867527566472878
0.860158406509451
0.861892744753821
0.868125877933313
0.866312784161551
0.865936101486398
0.860926480628752
0.868877733284779
0.858355171683995
0.862972550815914
0.864845170266107
0.865810070485703
0.862104537035795
0.866788384960142
0.864302020765981
0.858352718532473
0.86530327753317
0.863313937995951
0.859515426752505
0.855563333299796
