0.624019489847032
0.517414950492215
0.534032370305648
0.718465136151707
0.72324202050324
0.523889855145629
0.504464340364489
0.692730720194729
0.368120737228372
0.499603833462284
0.412396746664567
0.295762805567134
0.620399669170345
0.69657217261195
0.582476247169634
0.519361938663714
0.553358652625383
0.668231440769094
0.528989367626154
0.725283608694814
0.301608829752779
0.482283101236681
0.573770979871826
0.477996812073331
0.438328763661138
0.503175493672655
0.402871425146408
0.668861175101731
0.637689996808363
0.642893004209777
0.638690040394064
0.536970901236434
0.544993814796064
0.433540860974284
0.604699238935677
