0.496997439274699
0.558928167348048
0.51618385187858
0.797446217046825
0.472172020719838
0.576964867570777
0.504011393227941
0.482434243157796
0.48449834224331
0.492841396709709
0.554462910450923
0.53280291033147
0.46562040994574
0.464302939234893
0.760811059231317
0.584714777601433
0.481455750938606
0.451851386585414
0.526485263917141
0.444916392841473
0.517499178551799
0.494431996540778
0.468863605245023
0.515623926570732
0.532151914296341
0.775161860793166
0.498279347675547
0.461113568199196
0.77213426478059
0.576320183110312
0.793527995943088
0.536656237902604
0.445624573062767
0.541372656886035
0.564398386312596
