0.986671214727134
0.979747738264597
0.985568220216791
0.983710175450321
0.983817467972952
0.98073630308215
0.98321081998748
0.983719041155042
0.982282058159845
0.98724389593263
0.983742717588101
0.980168459216605
0.987160502615108
0.984441597338931
0.980522828719339
0.98478607641909
0.988278050555632
0.986761457291125
0.983337923740305
0.985716665124552
0.983924558994271
0.987383363851548
0.984781706957405
0.985190831596243
0.982714402892838
0.986738947929758
0.985982011116704
0.982660219205427
0.985954723363531
0.985178431828721
0.98384285741125
0.98759280160845
0.986304229405228
0.984545636186594
0.981546473605626
