0.810940408742255
0.781755052822241
0.767795345441649
0.789059373398578
0.782552638067786
0.787337799203179
0.768747103936379
0.781867544336423
0.779657964126912
0.740973921067159
0.772594594890014
0.805438452929793
0.766927587064136
0.773898848846504
0.782803701800952
0.756774143161499
0.762448710442442
0.777376291321617
0.793962311446128
0.763453223783583
0.778703672396127
0.769281202908457
0.77895809561741
0.754297577161171
0.76883786729957
0.743395671946351
0.767178572350103
0.782069568098517
0.764824804445598
0.761707510888674
0.780055886746866
0.787319631680001
0.771034171870147
0.782581142120447
0.783352512096013
