0.735858635391665
0.740709165562531
0.76258930996253
0.765525861322732
0.749387996698592
0.715189879059039
0.748220117631247
0.762928360670747
0.739122147131494
0.750547282596313
0.749525293904766
0.741464645947945
0.744296865047224
0.760519991350209
0.739071796956758
0.758640720618662
0.757094530215695
0.753184150490754
0.742273722348393
0.759091027480792
0.76699634802126
0.77476257469281
0.766267347274819
0.778735858379188
0.75299071893707
0.76767952468042
0.759881960383352
0.757565174706473
0.763791161791711
0.729866564441292
0.739349437382338
0.753406996663985
0.773943512924538
0.765773913958946
0.733631738547249
