0.992216756602721
0.0261737452122715
0.99196416783842
0.992132056669972
0.0260284067160606
0.992332707311964
0.991980068605122
0.992246943173846
0.992214788423129
0.99219100189354
0.992280374004907
0.992015036864946
0.0263324607826014
0.0260926258219005
0.992195461639953
0.0261298143279714
0.9919475941225
0.992217658168972
0.992221446777249
0.992046690068462
0.992006146679793
0.992123566630712
0.992261617859205
0.991842852096296
0.991817065221461
0.992164528533713
0.992125068488024
0.991942916074035
0.0258842586246726
0.992191716198524
0.992154053008108
0.992068617359799
0.992210411561963
0.0259720161647464
0.992468857219202
