0.815642714409512
0.807585058131765
0.809217952017695
0.955353233178586
0.96381556560994
0.815452742195637
0.95766734069676
0.818471874204516
0.96192120866999
0.818128651676574
0.959250596734728
0.81912569109637
0.815267773508264
0.811628811483306
0.814181979290025
0.960349511351444
0.956300660745013
0.806396056058952
0.811443941899729
0.809782139417846
0.954535652763517
0.961503856693527
0.960004801663875
0.817406598156697
0.953451413021767
0.814968134845122
0.958263304924776
0.957889942952347
0.959463508659882
0.960602703788621
0.942944509975539
0.817320190333644
0.80533383417297
0.815835943324934
0.959063516233279
