0.84014845430569
0.83865008920932
0.863985739336848
0.838072158871388
0.868827077485056
0.849553972621461
0.842068979479024
0.761839361620033
0.841403056010093
0.873547905510343
0.859411413474798
0.84932946152341
0.838115065359744
0.856411260285434
0.864497498189522
0.841540087101035
0.858015809449691
0.867165091583838
0.845855627877305
0.858867469132871
0.840778989063483
0.75695065147514
0.863716089736922
0.889784995692973
0.838642133210135
0.840591860219607
0.855932101887745
0.838061011240926
0.861763816222855
0.859309598422372
0.839001696347295
0.838589359166704
0.843459025616859
0.841681731360439
0.8384534128601
