0.87851478001266
0.878474550054388
0.878512789017696
0.878274046267675
0.87846892494284
0.878462764623639
0.878433620860156
0.878719293029201
0.878462705986154
0.878579857865809
0.878570594821558
0.878354878344092
0.878207437208821
0.878517069527603
0.878426260713303
0.878475478275117
0.878635924088003
0.881788189113174
0.878443224121957
0.878410836263317
0.881460165405444
0.878496881693291
0.878586000617909
0.878509106719673
0.878338254528747
0.87931167598693
0.878363507067617
0.878384282207253
0.878495875828099
0.878622572324709
0.878326365261889
0.879486088510263
0.878434640523442
0.879149555145434
0.878491324270731
