0.926047062521289
0.886300461647374
0.888099203354029
0.91270109583869
0.8931885520164
0.908345700985931
0.892233096770901
0.911807689613375
0.886341884039038
0.915557953914016
0.893825061678275
0.920640557127088
0.928563136800925
0.943081823529363
0.892287470831236
0.924038867098061
0.933199374158825
0.914779987684075
0.911754686983324
0.907005175661318
0.921848163583405
0.91523220806521
0.884046548162973
0.905845863771902
0.915967271013074
0.911907841493675
0.930922188949152
0.912812446783996
0.913799144458176
0.920114903467922
0.902259235921415
0.912782839839171
0.912409336529077
0.907739495049924
0.893654233219458
