0.972804945697891
0.969118049924142
0.960915596662762
0.973057258503401
0.966837128912681
0.968765816753295
0.968926540001701
0.970599655791781
0.965457079536298
0.972416170208956
0.961400827067743
0.970117056288941
0.967039654857818
0.965353810661349
0.963595849810184
0.967484325820161
0.97289510794407
0.96948991814057
0.965740934699498
0.96363648430549
0.964711316543302
0.971955349627802
0.963675857081721
0.957408199561466
0.972956150921069
0.96523719125876
0.972762869074392
0.974673048095803
0.968675884737
0.963432006819315
0.970626669852553
0.96898539802615
0.970655192863942
0.967435933383885
0.969524382787845
