0.663065124027174
0.897403833010779
0.763682207173034
0.698936066473342
0.653558964180063
0.531985068478208
0.653123737297976
0.662174497169135
0.510743557729612
0.562740125321182
0.573497473509311
0.57524269581834
0.72382632703713
0.58725622753433
0.611104446479224
0.656931284349741
0.726741212318159
0.736513295425511
0.637085015848473
0.762523461926929
0.732244566436793
0.654086304454779
0.727937101696931
0.639424372980878
0.72792788489462
0.82554822542185
0.56878145769894
0.634322016474639
0.744242438586094
0.620950821518784
0.726395160284171
0.474328386415407
0.685779012733102
0.748181383275381
0.777410985672251
