0.917599813302049
0.916895466420152
0.915628302977509
0.915356278177132
0.921441177477575
0.917003159743852
0.916621827801876
0.915452141050746
0.91892781885538
0.915065650957959
0.917012728085316
0.916352691248095
0.917513401044725
0.917505405297708
0.915828235604022
0.91610660343256
0.917227038064534
0.915899706167083
0.917465159527651
0.916014499210262
0.917399686947102
0.915512771638056
0.916842854171352
0.915373221212722
0.916941695036052
0.919422443503345
0.916776312303988
0.916989547552134
0.915320073440503
0.91613752842794
0.914974196669548
0.917601163019018
0.9198866692217
0.916685337117477
0.915449923424069
