0.286009166546018
0.281991685777286
0.293321088049187
0.267210920861024
0.287701789833475
0.291109944861376
0.295026409859057
0.2947366802427
0.274171043187097
0.294044343261894
0.288892611995354
0.297806430997033
0.304335704201067
0.288981650846398
0.292450268083865
0.296328988123376
0.279525928776101
0.289053417150029
0.276057388811933
0.291490490727585
0.290548962636958
0.286113231184149
0.28416513111032
0.288929900490213
0.278111723672548
0.294044818290137
0.301362626570104
0.293610640651866
0.282354704770042
0.30761513200991
0.286808444537995
0.294217367783697
0.300741918561705
0.292951209625707
0.294264389023293
