0.188659014465693
0.319017292078832
0.241133527340146
0.24493715129781
0.566466230560625
0.00496599426277396
0.56662642473655
0.0361796475766425
0.359754693913869
0.248848296132847
0.512581673176642
0.316137463233577
0.321164985143066
0.387149953943066
0.402378142445255
0.21886342129927
0.405107284675912
0.566585793627835
0.45369129020292
0.567962257823911
0.394999884886131
0.520553371632117
0.163656903970803
0.566265574662309
0.155169674058394
0.570934415098758
0.271971865375182
0.181056404037956
0.583126458192695
0.247216465718248
0.147364987724088
0.465307472221898
0.457139828170511
0.367817007655474
0.194248180313869
