0.934042112414482
0.954645159083557
0.935623877604697
0.927488884278312
0.942240814119427
0.923030587878718
0.953858466170762
0.945491247307354
0.943812944491702
0.933911871822977
0.949775073471524
0.928629006789976
0.947481590687211
0.933514331095807
0.949291954610506
0.933934319374365
0.941510917878554
0.915938109598785
0.918224161937974
0.949084334630932
0.926033414727552
0.940330227449363
0.947891723986449
0.934758971741938
0.919414438706592
0.934332870595849
0.921006675383786
0.92873927227466
0.924098535138564
0.939656729556845
0.92069977211073
0.848512895991265
0.923394591934003
0.950597221803244
0.91927332911461
