0.988630774881516
0.988404356455846
0.988976209122237
0.988678777144154
0.988807398469358
0.9890663308457
0.988816855425288
0.989026062440804
0.988433614250734
0.988864774976263
0.988814919504806
0.98874896698318
0.988514907922178
0.988761562511498
0.988628633909145
0.988742757056418
0.988743890731039
0.988650376771642
0.988790733453893
0.988759601060333
0.988831389530868
0.98861986362433
0.988909671185998
0.989052919680947
0.988899300382863
0.989126429384609
0.988493422569646
0.988816446563481
0.988637602780225
0.988837216597842
0.989117506477826
0.988418313212244
0.988973946486355
0.989171533543218
0.988647143849375
