0.786769135510684
0.793522449050594
0.798412603768755
0.791651615354676
0.790996444823027
0.793390737065624
0.793277652196868
0.801166321685887
0.793678614805364
0.798196085215506
0.799562028909687
0.794248473197338
0.792495374905071
0.792688400886885
0.793490621636622
0.790651165001466
0.794675362846443
0.785290337814486
0.795162159736619
0.796495679913613
0.790994669857019
0.795449083712392
0.797980019492125
0.794985205764398
0.800156331637873
0.799338486196652
0.79030548420238
0.798162144209775
0.790141066540559
0.80294698451467
0.79778535844052
0.789437612399253
0.793287228825168
0.790554955139639
0.795526907417858
