0.118879757063587
0.088842095012594
0.129220484369819
0.20440933684205
0.139524100866633
0.182240694788442
0.160535244067964
0.106452214840543
0.237470385548002
0.18860399066869
0.111257962668639
0.238475952165678
0.226858192329336
0.0947067547764831
0.166989288612915
0.158177740046979
0.168530191066276
0.219400148123519
0.212513962551364
0.177402566474621
0.0966684627425913
0.155338163583372
0.135965141382246
0.213492471988359
0.224292748281019
0.227628633844138
0.181020404813132
0.178023340786045
0.267867849684294
0.199159538017872
0.162640173068884
0.127215582363736
0.166990671107565
0.188244389973143
0.227150015833276
