0.794917568269525
0.794798244386934
0.79514677000153
0.875926526369364
0.794926164534909
0.794333579364463
0.794773293875741
0.794880625548643
0.794742797136423
0.795129433390671
0.793606764421627
0.795079346723291
0.794434462123263
0.794485700854275
0.794509989283081
0.797451881264769
0.794379403978796
0.794517805231193
0.799031534007867
0.794750448308851
0.794179397628005
0.794882775081664
0.794523583333013
0.79486904334964
0.794680950492257
0.794655192941181
0.797944522495035
0.795272714313446
0.794448508208098
0.79539965098342
0.794721118893552
0.795092422770925
0.794232030725109
0.7948434443323
0.79439987257311
