0.990318533762967
0.99028317760686
0.990277591464757
0.990365232371757
0.990230848905413
0.990445589672867
0.990386003598257
0.990389339823989
0.990272146318032
0.990365054353807
0.990348917978188
0.990288005634524
0.990428723143742
0.990287640150176
0.990318700080456
0.990362969358738
0.990387511761581
0.990368783894942
0.99034226267906
0.990352476211151
0.990410114364166
0.990330241478236
0.990331617463097
0.990285954614788
0.990441116510949
0.990268766182522
0.990360627605599
0.99016419917712
0.990253819876196
0.990337830617098
0.990317958641227
0.990391064043083
0.99030307539161
0.990307025523001
0.990347304325076
