0.990304348070952
0.990286359499415
0.990296421826732
0.990278720668927
0.990290087464632
0.990285222737368
0.990269189956636
0.990293459365804
0.990300884091459
0.990273562293472
0.990297761519557
0.990273516711055
0.990274233968463
0.990277728627693
0.990283746090628
0.990293883576762
0.990253792726624
0.990264995500935
0.990259364502908
0.990274903358923
0.990346125403408
0.990286327453535
0.990305235043973
0.990280657013237
0.990286031746073
0.990301401006188
0.990305763118155
0.990276875440391
0.990291429767727
0.990369118694239
0.990295057425466
0.990287030422977
0.99027558859164
0.990302199722406
0.990279530790319
