0.207039185776592
0.290322593950026
0.161853334739216
0.176340202461887
0.327130663042024
0.356500505764619
0.304107109815815
0.340031883198156
0.224218428818876
0.120414151232262
0.319050769193987
0.177755856857086
0.20992426104043
0.296065740441742
0.280004924446198
0.207813128929914
0.209032070821329
0.156681570699819
0.257253007047933
0.247904211887763
0.187271367297629
0.243843917325715
0.324454332040985
0.242902772401192
0.234927834582077
0.296882216352334
0.244742872086585
0.261309385925754
0.291132710204265
0.300410597559668
0.143971300144181
0.243491884120419
0.267730062300537
0.271709432544764
0.271610198979356
