0.361081416256941
0.359315624124173
0.327017033772876
0.402074919393307
0.335490165830581
0.364829673898962
0.385402421786863
0.369032406133023
0.371408713429928
0.345373431160303
0.395546360246081
0.380500658031648
0.363732833752949
0.378389027086626
0.379739691391026
0.379685022031343
0.384915044081877
0.390187042506283
0.351612306111639
0.357676607895729
0.345017890177509
0.357456575123707
0.364897776624717
0.358765244953796
0.37611171141199
0.375877934480581
0.36084668685982
0.36358687554
0.364837477938259
0.347153043926422
0.362963613506479
0.393354133224219
0.381951601316186
0.379207548195839
0.321528899662129
