0.962207965094578
0.964081219424456
0.963976283639189
0.961401888598511
0.962494741933641
0.962945866191027
0.964184970403536
0.963920296568495
0.964266683736291
0.96178933037541
0.964222644413484
0.962920201249922
0.961481452747561
0.963835386277738
0.961956961941971
0.963613994646743
0.961871373754879
0.962461119491615
0.960564920773863
0.964226059548669
0.963906856785463
0.963527521666049
0.961669948230908
0.963278222720325
0.962974848715004
0.961441503576829
0.964443229691723
0.963571686791042
0.962564420718523
0.961227544239702
0.961181807326552
0.962559894739581
0.963096766148099
0.964010314870046
0.96418917103965
