0.413235140926827
0.408586073473542
0.404119133018831
0.414556604638668
0.405588717509243
0.402771434683736
0.419641253909893
0.393689837874262
0.417401811244265
0.413900672805446
0.414018953850431
0.410229575150002
0.401221537876478
0.41642479722393
0.400028134290813
0.405179485874542
0.402043827117852
0.418497199234955
0.394123628403799
0.413125490904971
0.406111169141019
0.402592994881716
0.405796988453539
0.410425464542663
0.413774148161471
0.411816620439295
0.407384799034554
0.405300950712171
0.415958784478051
0.402971440584095
0.414848464073255
0.417978785374365
0.429862626802069
0.399982850219159
0.410097910394956
