0.979212519310221
0.978171437341824
0.973690632240688
0.97868213084931
0.979664054366339
0.974515902434843
0.9805491253503
0.976646885680909
0.976383019455836
0.9769863243877
0.978746176762112
0.979093075495981
0.979395577774408
0.976134917067234
0.979713185092711
0.97724751997227
0.976792364660423
0.979643160612231
0.981313865146274
0.979870754941281
0.977780129030389
0.980627897528452
0.979264777262946
0.978280297600324
0.979855924227354
0.976941224947681
0.979436320840616
0.979453956041862
0.978295174365894
0.979821763890953
0.977246118068247
0.978883597138939
0.976305202195914
0.977264724797195
0.976570802319965
