0.758467468628974
0.760164703829242
0.762844702619635
0.761626337045095
0.758819242798729
0.763232066802324
0.761946241560689
0.761479321976429
0.76331881219176
0.761453786670732
0.762210704079971
0.762481388438521
0.764283673520832
0.763316998569719
0.75990028137917
0.762850936067802
0.761862771388752
0.75785248856183
0.759605213673311
0.756658700244715
0.761949140356802
0.762122737684902
0.762836353695494
0.764139841235841
0.757291183413938
0.761782000054272
0.76009210970134
0.763755501840335
0.762745814114165
0.757691774869616
0.762460314089307
0.764456563964916
0.759623310573856
0.763237381920236
0.761488511854332
