0.99210181940164
0.992102300420751
0.992114507306612
0.992103948724878
0.992129335656439
0.992117272634916
0.992104625719413
0.992107211924653
0.992093910719486
0.992103701517531
0.992107872166516
0.992101128859808
0.992099838820204
0.992106639032324
0.992118122564172
0.992105542312793
0.992106587748413
0.992099265108437
0.992106935009387
0.992112588446122
0.992102591694273
0.992102882885635
0.992122216437817
0.992097581970905
0.992108510875556
0.992122159185187
0.992106308549737
0.992102189002327
0.992112456325188
0.992114780115784
0.992108567127064
0.992107618667882
0.9921193891181
0.992097353402265
0.992096718770961
