0.986078862611022
0.986012047712487
0.986020525259163
0.986019950620407
0.986068835192941
0.986031147003814
0.986041590157134
0.986172179126721
0.986085608268053
0.986020501580798
0.986115312492576
0.985997859544119
0.986021556122112
0.986066842530152
0.985990754209722
0.986006972070546
0.986085699985033
0.985994645746065
0.986010140590924
0.986023425964936
0.985988060140504
0.986030481782929
0.986002458787128
0.985991020439181
0.986020925125735
0.986000247238286
0.986051111742947
0.985992882861486
0.985993830435464
0.986001330996589
0.986009114047748
0.985982740024917
0.986026018511959
0.986011630151342
0.985993885228976
