0.861303416559269
0.865838742160733
0.860807172095932
0.862660774592714
0.861193423604254
0.860010798550324
0.867174060750098
0.864207787681938
0.867074693276617
0.861838264628387
0.862700142753683
0.865352710246658
0.866295532042448
0.863492943833924
0.864812314781123
0.863042014229694
0.861601310888778
0.859998750246734
0.863057039328785
0.865777745791019
0.862795300319273
0.865008858265298
0.862354883316327
0.863720530827444
0.86323704197787
0.863392373225195
0.865947839722175
0.866969695781575
0.863478764927275
0.865695828952046
0.866836654054808
0.86516521745565
0.866103262059892
0.860681934211621
0.860455265919735
