0.654184899639229
0.663292872020932
0.667741454418098
0.666302936220085
0.667554096226608
0.707250967814565
0.654312644410345
0.681188746698754
0.665250003382182
0.655804122165846
0.667479771525782
0.638350085622177
0.648654843128343
0.641237854693589
0.570705564481092
0.615826525546094
0.681521967767079
0.666374509042079
0.720941618873438
0.65574863219028
0.667974538216281
0.642641607967091
0.587461931498625
0.640598569334344
0.690933330055499
0.662396238163544
0.646042011831901
0.669358136514643
0.638666598470842
0.698182572044871
0.563944251704226
0.620929838147098
0.67694158840398
0.722239853602048
0.648356841984775
