0.799316953057999
0.810257580950859
0.812152865625818
0.813814036983492
0.809238882934062
0.815064489831155
0.81175388409494
0.809211715000602
0.81195600773166
0.806253028717713
0.801986315841033
0.812570612766538
0.815061538980645
0.809994886693911
0.813992120498997
0.816282604218113
0.80944451579781
0.808414445943164
0.802835496569046
0.804186976118569
0.809553202974024
0.8110600988697
0.80734016574487
0.805802177674498
0.804691472932256
0.808611919586564
0.811939253395914
0.806332983754672
0.819038162788909
0.808442812337605
0.816591447826811
0.81200047107096
0.80313846210509
0.805916677679993
0.801552556838098
