0.31367494099942
0.324169262544801
0.316719643930964
0.337493372700132
0.320933850972215
0.339055449820176
0.33482483190254
0.331123851572349
0.322197150944786
0.304741348823649
0.337032040641481
0.329637420066104
0.31684230678573
0.355418196061458
0.337096209740612
0.331521472723739
0.34552102044964
0.324043871884774
0.333320193215923
0.306158106660318
0.316435752167993
0.334292261323159
0.31064474564641
0.312284719084414
0.338412951935855
0.336235781776807
0.319027622607331
0.325243705028364
0.319144498959396
0.319251630585289
0.323539501370357
0.341095807399852
0.316539594322462
0.325134592204152
0.333592239876991
