0.516996074508341
0.518165453707211
0.534288840434288
0.527202173829278
0.533769422622246
0.506375359895916
0.509936125771351
0.511777116970636
0.514821212846079
0.520604875559661
0.556404337587631
0.533803932296805
0.506405472036045
0.555002184181256
0.512296398324395
0.533802848745847
0.516619314278631
0.523171653347521
0.509187830842728
0.524250985900942
0.539249370840635
0.515956810025589
0.535302705616457
0.530485796084894
0.526162451977448
0.525990245569184
0.529222244242261
0.526460477220935
0.526675282316634
0.536208755358661
0.524540352107214
0.545487726343328
0.533234905304359
0.535357430484905
0.521548884139233
