0.734765438567136
0.732703716176597
0.733801735661103
0.738718454646178
0.747408843480396
0.7269222008001
0.73403869288758
0.723853045567081
0.729991951607617
0.731706806520484
0.721791392248127
0.735000239856184
0.736501231715955
0.73007263296094
0.733208246350056
0.736214040793464
0.734745259145176
0.736286818680302
0.727687211694324
0.735340373404599
0.741619206185086
0.73485229781273
0.725736132124973
0.730792253942098
0.718193855631844
0.739849481507139
0.731924227300242
0.733448886724791
0.725876883374729
0.728608808901415
0.723254932930678
0.732661220580682
0.717408582603163
0.740946243950399
0.716506771776791
