0.963321457225875
0.940031364961339
0.904252057525955
0.96872404158863
0.964769616604393
0.971598128681071
0.971863517798973
0.986362175118526
0.97112130633032
0.973593192380447
0.942435171429337
0.968802689746499
0.980800366258481
0.976355663058589
0.962321617326021
0.954221257833441
0.944712715244362
0.967367366761617
0.92727286128233
0.983098518328852
0.978905469225788
0.957214762934599
0.964756756234223
0.965368034550264
0.962747765741305
0.966900837862699
0.909616335687449
0.970020725594573
0.968252094410574
0.960580540865052
0.96720488443122
0.973202683423506
0.968031819886701
0.954316691418094
0.966423194426696
