0
0.00614734677937289
0.00176820025604317
0.251973449080908
0.245536800518426
0
0.498225827297701
0.0089742700672274
0.00470233779328201
0.0010829024580576
0.0246939244329287
0.205540872129835
0.253653542700859
0.0352198735674949
0.0168625382567367
0
0.253955860064191
0.444144639467043
0
0.228229551337141
0
0.158058522436628
0.430931662608306
0
0.15239371894081
0.515759915100373
0.0867367995438451
0.440846783180259
0.101168164227254
0.000878550095768675
0
0.0259857165343642
0.194102689494739
0
0.165435069156541
