0.821829457347124
0.827428778615985
0.825625747829115
0.826516849687134
0.822667178508989
0.842657504732873
0.825754148968329
0.82785262322261
0.825553570010996
0.82519520971159
0.822120568432656
0.82882811455281
0.823041918290381
0.830405944687331
0.828082583009376
0.828875472042204
0.827451998909472
0.822963812954768
0.819658121588792
0.820183309267115
0.827746714112538
0.822970002559469
0.823199527531989
0.825099262459001
0.821755493335274
0.831535747617147
0.823733631655268
0.826635330187212
0.831304987492246
0.823634750543038
0.831971571719872
0.82458090338435
0.822502004455635
0.822197186672363
0.820988229264604
