0.862598598902975
0.858765595636571
0.860711073083942
0.860374937516741
0.869543906205907
0.864257783978287
0.86195375699317
0.85784723442136
0.872285120105305
0.860161628329158
0.855330367355884
0.872550696383872
0.868903297553153
0.880697052625189
0.863418908645471
0.873977683979566
0.859566783674048
0.858316498915754
0.858590350460101
0.865045120389733
0.853648871028666
0.864086007476019
0.861258529163391
0.856578702071209
0.856169100674637
0.8810981908683
0.866904258077658
0.868216013579921
0.870963820368693
0.886081915173507
0.853698777364659
0.853827750690244
0.851782798462324
0.862700223167667
0.863207258159051
