0.116544153874034
0.124528475597814
0.187155937834609
0.198853727608197
0.0911431508372686
0.183821805994572
0.114171815613301
0.158567014973816
0.105081706306711
0.192990574039931
0.125670673642963
0.173863382905897
0.158802177223147
0.179066961186695
0.158165480353545
0.260752645525705
0.127970234313588
0.10292648161495
0.109583692651495
0.147030279017479
0.114643528043986
0.27852154053295
0.193436653873109
0.127171433791778
0.239720920925496
0.180702102453685
0.162392712819753
0.172120398736324
0.125534901061445
0.215567345729288
0.119260608180146
0.178556260337625
0.162116187629242
0.104952660636405
0.162960260943708
