0.936010176035508
0.966573160120228
0.937903929749748
0.939624046510694
0.945956983639099
0.925568637759667
0.957681644287522
0.949418455575645
0.947978265159647
0.939605121251911
0.953977971077363
0.935810203778206
0.950392754223853
0.93820638424083
0.951578034247751
0.938373043814858
0.945316663346488
0.923016579158409
0.924784597700288
0.952502587352214
0.932368580520832
0.943362035947108
0.95110080389798
0.938614417950714
0.921840744943761
0.935871032066193
0.926069912014005
0.935911369825647
0.926111044513069
0.941865795238691
0.93094410133267
0.928028447903509
0.929695312529143
0.952843143741688
0.931427388747678
