0.986148181956248
0.986027219508879
0.986131577776645
0.986057666709706
0.98614930586947
0.985929030766723
0.986163734898247
0.986077719798347
0.986095542856851
0.986053287456013
0.986196249974587
0.986033752666503
0.986186328827043
0.98616333687841
0.986219336025253
0.986340262726909
0.986181368872683
0.986162462226586
0.986094367719064
0.986094523001528
0.986094041849192
0.986126726581907
0.986129113167079
0.986119204160729
0.986122976804437
0.986179842754388
0.985964252252518
0.986123389853181
0.986057389416296
0.985996270267731
0.986177976082101
0.98608759051453
0.985860572224551
0.986160089988987
0.986138740360982
