0.273940047939051
0.280965833127938
0.269811385972687
0.252515574673625
0.254733113849384
0.26641904808491
0.279728138791561
0.237255187054268
0.26358206673892
0.232916319282989
0.246296005246919
0.227284802974042
0.250541436277796
0.285481375335161
0.253826854031455
0.254052309737074
0.250872192843995
0.265100550837209
0.242821947511353
0.250267760807062
0.251621678143382
0.24189917794358
0.245203744790577
0.243725467731838
0.25207748072255
0.256786820905278
0.252734723702089
0.266063524776983
0.244208455284007
0.251704419580395
0.253395341185425
0.251561667966089
0.256157517320754
0.252695965136321
0.245717797176003
