0.974399136474385
0.970699733143998
0.97417864021854
0.975860265829683
0.973249992017283
0.975160197406823
0.972573782710335
0.976206510060533
0.975189620570576
0.97291907206278
0.974851801557702
0.978899660367601
0.976079527755691
0.979281917271882
0.974781133402823
0.975320758278693
0.975924727526622
0.971411888937445
0.971975145460884
0.976087440421198
0.975362245024227
0.977039263098466
0.974792992996239
0.975276249722336
0.974669415560822
0.974779664391181
0.978202388184917
0.977733882018727
0.974506736449911
0.975053750133638
0.9745062931172
0.973867278698728
0.973074131390329
0.977481416240809
0.977215417259909
