0.0820112646496427
0.0732551487425564
0.14695476778832
0.0451137607502575
0.0583924323167972
0.0254341776020602
0.0495959771038576
0.0963727011247499
0.00574790059281078
0.0687542081658527
0.0540906055812997
0.128502162580088
0.141392233407374
0.0874683422586252
0
0.0174006120687439
0.0787435468500794
0.0269081601522658
0.0219957051339255
0.0321718933253207
0.0209864346213466
0.0095801233946987
0.0311084390752876
0.0233368762354842
0.0111874614996355
0.0283164994700774
0
0.0141131790986042
0.0910613671159987
0.00766823339643545
0.03581151080218
0.0039325072568767
0.0324055286723068
0.0133501323233282
0.115540064154143
