0.819252522871666
0.820611734535299
0.816415383908098
0.827659419432912
0.813516709157281
0.819182599193481
0.813923093221996
0.815974744144117
0.82323350920819
0.821104559765162
0.823971317804946
0.81772246317558
0.818548562545005
0.820131114602462
0.819545294425719
0.821947884297758
0.819460379842412
0.821345480208467
0.821810790596748
0.82152167015639
0.823032328603841
0.823441917040803
0.823235946950553
0.821015672306219
0.822593208469285
0.81782411861473
0.819275430421502
0.821413339470893
0.826536616583778
0.81599689689091
0.826225014671217
0.824315893821882
0.819352041977911
0.824933507482073
0.820819963576276
