0.909779529838498
0.902777234460209
0.921150017031441
0.910918184588206
0.912150576520685
0.915938428881808
0.911436752509341
0.908720531213289
0.913801167375363
0.905655975822446
0.919219135218568
0.907201080545735
0.908193607996933
0.917147590023026
0.913420511322326
0.912875924710704
0.914580681646137
0.913117715153288
0.917472514718242
0.908834011854286
0.907015757055924
0.909506127186653
0.918217243056911
0.907905268102504
0.910044565232496
0.918168647513739
0.909711871670489
0.92386195958573
0.918858280020679
0.914765866962968
0.914718878139606
0.916465766712757
0.917295521942789
0.909060236721789
0.917592067811008
