0.588923187936854
0.573117404124439
0.596325139553475
0.623933016851049
0.577525929466634
0.574696386008544
0.611529909043415
0.544937566942044
0.597169395409607
0.600781715470342
0.588473496358579
0.591672465079425
0.620225481697325
0.59915012808797
0.607221439330443
0.622746106207365
0.639036353562005
0.572781738342338
0.580395136561116
0.607898505394053
0.622363178639271
0.621899477357192
0.63070624225512
0.633662680492592
0.602409804157711
0.59368509688069
0.632064812279054
0.575212253319115
0.607196168991056
0.588496340767903
0.634163706570234
0.612052011118999
0.571934100553326
0.614598235279554
0.60729894546018
