0.871673059929915
0.86245539254529
0.868405424329802
0.865873422213135
0.870799687122176
0.868580546244555
0.869529535991071
0.867140741995145
0.880336012268189
0.863580755500696
0.857847625024294
0.874600289403651
0.876608115908807
0.88459629438396
0.869642068237382
0.882487518541371
0.861892424961804
0.86087785903467
0.862295360234153
0.870330426786628
0.861657201661629
0.867055329219348
0.873591260317868
0.859903438369748
0.859474885399554
0.888697222366377
0.869462585170981
0.870164933453802
0.877342225146506
0.890238429933139
0.870338599754808
0.856264429877206
0.853960397662396
0.865897406462918
0.870796765286605
