0.382978127133102
0.39215301943806
0.366001600816234
0.374889179500565
0.368629645363269
0.370614412250077
0.359219628302323
0.364595598543733
0.379596148999775
0.381603119828191
0.381956741379043
0.350858595197258
0.415826928602409
0.395088398422613
0.383776908801367
0.378013755802436
0.37042390630514
0.369376548945309
0.369712266356671
0.386002758211072
0.374766507454026
0.389819229791892
0.359002478384733
0.373133829024655
0.385774547108811
0.389778130409744
0.374854266900091
0.399096852446149
0.399342170414313
0.360740426903642
0.419690011062353
0.394039349886111
0.381166994726314
0.403619103697767
0.376790546736803
