0.532238046770384
0.500012917284097
0.521968717912447
0.521189074013682
0.522259194705665
0.534332472802834
0.533674084260714
0.527869763227026
0.543913736385982
0.541963713940944
0.529060191833132
0.517398265692226
0.551977004733244
0.518118260846119
0.529058470868819
0.537760900902543
0.517897598813305
0.515468809530954
0.569830136529839
0.540518041792796
0.54038320456391
0.537403500746451
0.544411371275809
0.501635680580135
0.554305509264982
0.542117009612086
0.560778018074081
0.544867136783098
0.541780382042073
0.548114192911857
0.530550480139504
0.546790677976034
0.525695119795764
0.561939575797897
0.543893186030965
