0.82260427092623
0.825614487667713
0.823407228060235
0.823924609190538
0.82349213382319
0.825089040020768
0.824752090642538
0.823708004310878
0.824381068818423
0.823800314576893
0.823689935368463
0.830770015992028
0.819017691576294
0.821781293748947
0.824076075635346
0.826135723613494
0.826587058257574
0.820573421976761
0.825681797329146
0.821136690707802
0.826097599016646
0.820912068110003
0.819272095962297
0.824192899614758
0.821393048717971
0.817920412056154
0.823129623147246
0.819696722614803
0.828559793113084
0.825414931876516
0.825716998458283
0.831324220048214
0.822462683449515
0.824475872509084
0.822463430510979
