0.82371753300336
0.814357051770741
0.824011168304633
0.816319299151745
0.819515479164406
0.828288395389494
0.829767005400482
0.824485428652792
0.83476906718681
0.821647512619523
0.822122479197347
0.823155834031896
0.815889424066071
0.831582824470754
0.82515822280668
0.835351420780921
0.814226830282066
0.839385280713932
0.815495004971544
0.823180381450168
0.829091418409931
0.808971963809995
0.826665431242412
0.82292889806741
0.813953322545444
0.819532603230214
0.816250731160217
0.825792918032664
0.824452380269256
0.805962573165882
0.828744072969171
0.813908898259944
0.835874187514063
0.831763296884176
0.82017281532827
