0.655909597659711
0.654210871018203
0.637499815226852
0.640610159681121
0.634700418995491
0.645794508408757
0.647172765151766
0.643786343574933
0.661479804576723
0.657695473037318
0.650642404591227
0.623644281511482
0.655633736976739
0.634497405479621
0.631396291458065
0.63668225117094
0.656988062998802
0.633557944889319
0.66466993565286
0.651712007704895
0.647931765613917
0.662792682115013
0.65390079468962
0.646657038713809
0.670873292947044
0.650171025047933
0.662641123045445
0.658223074892792
0.649032637999404
0.66645701106289
0.65889619126133
0.651560098102764
0.652798653044959
0.657352502374854
0.657290000549777
