0.667617362684121
0.672481785571924
0.682484565839531
0.665987137247107
0.684739461565885
0.661732117502742
0.659278955690849
0.662749763902272
0.675257172562159
0.659246293909431
0.658805550684003
0.6520357913047
0.682341919730555
0.69911746865809
0.663728661116358
0.66077636384161
0.651184460325342
0.668919719176189
0.656193884156122
0.669693802758846
0.67351796161058
0.655978192406703
0.657587260902615
0.673079805869253
0.667593492442938
0.684825311852633
0.650939017570767
0.666969272112107
0.657229342617686
0.666519901947175
0.674043617700993
0.663133164972711
0.676982846562082
0.665002989865419
0.65349578593349
