0.965669322179619
0.966023786320256
0.96602452651357
0.96727178387979
0.967798850454422
0.966145335149094
0.964304638858904
0.966035752147678
0.96731421190886
0.967659957602891
0.967058318143826
0.963889508151816
0.9671080437698
0.967566100674394
0.965814610453802
0.966518921934156
0.966599231043614
0.965205284553128
0.966519414344017
0.968041655245329
0.965813727602098
0.965287488058616
0.967066364770285
0.965776519123005
0.96575323733996
0.966620647039759
0.965691754739174
0.964676804115109
0.968107757898422
0.965108631191454
0.966355371153364
0.966060576969618
0.966361222077432
0.966632949684672
0.967150499985258
