0.792736066008795
0.797853591483862
0.79773719499816
0.80071648545656
0.796526967742189
0.792549522209302
0.798479637132855
0.795352313401482
0.797832446294285
0.799231508185242
0.793734926822711
0.802828218453314
0.796501996730402
0.793226063662561
0.794956461322324
0.792065787044028
0.796876818131291
0.789798087447306
0.79197363618313
0.791959688084491
0.80101404608442
0.789733334988716
0.787974861212174
0.797477998531257
0.790891601634693
0.789619186465717
0.794784992182766
0.789129720843204
0.796260660827202
0.785927648844954
0.792669125615494
0.803225070208305
0.797949699754539
0.799646851123089
0.787428765428107
