0.760247380873148
0.762175519876582
0.758597743919716
0.759197283438641
0.761077186099818
0.758400724230276
0.75979921930003
0.762119177690614
0.761352928860049
0.759282042044316
0.760953506807291
0.761458825388717
0.758301062995115
0.760242892575499
0.761867605278361
0.764623557260255
0.760151907964063
0.75680075889478
0.760339721158938
0.757539704134337
0.760464113061677
0.762861855609039
0.761168548010955
0.760569701422526
0.758005109350153
0.759920994129111
0.756380656968692
0.757151330336293
0.761755295134299
0.756264660338127
0.759949603664023
0.762318123397417
0.76058712650571
0.760290661396915
0.759719940922978
