0.970828274656101
0.969249341418492
0.97383710673038
0.971782866329087
0.971317994274307
0.973124918946698
0.972338108786223
0.973934675148235
0.970537416721882
0.97440484180971
0.972229507799175
0.968818521254715
0.975166111470035
0.970677006373948
0.974998193494756
0.972681835692199
0.972730455056282
0.970798230667101
0.967012106994934
0.967618693805765
0.97405210456913
0.971282221630027
0.970968184474601
0.974282845802664
0.972900864732202
0.973574377947453
0.971127052342082
0.971266536656213
0.973837897957791
0.968124464946286
0.976892389207002
0.969131883420589
0.967720331245337
0.970903933533975
0.972699621136204
