0.563948821505447
0.492311904423921
0.511849083031992
0.565546841106779
0.508879324743201
0.478646031333305
0.503549950518058
0.516216084177941
0.52375305118134
0.551931702974235
0.537119664703491
0.590587502512294
0.55024775433804
0.586893879864926
0.543430464542689
0.579512373362237
0.52732816377871
0.535874033477473
0.515693214426731
0.595539664598815
0.546683416410411
0.562606226691254
0.530080323091565
0.494027331223606
0.557679147462655
0.447706818097499
0.512205986987497
0.505441196337444
0.51908608866435
0.567798412879442
0.478591328815394
0.598945386104836
0.474558054456628
0.585245201956213
0.546651083567776
