0.846342478936053
0.854250691574431
0.8511611655502
0.854402606741159
0.848735307888619
0.852970296454192
0.850313098137196
0.851614121636145
0.85546178532353
0.853613832314765
0.854827464651422
0.853753206632834
0.853798025897691
0.853500824845432
0.853080271627036
0.853658462737381
0.850498983730741
0.852959502670468
0.85096048778724
0.855343729495862
0.85147512958334
0.855627264110929
0.850396354620867
0.8546253137855
0.854896236677073
0.850296474252871
0.85358024476795
0.852908826329494
0.854838551343646
0.855539405741228
0.860195206124434
0.856940300166226
0.850574230787571
0.852454595403958
0.852696901975594
