0.828586310329475
0.810354728732488
0.838643916121726
0.822638502153521
0.826723923099989
0.847349401044272
0.827268416741829
0.831662348528081
0.821902242705069
0.835939395086614
0.836303830384243
0.839740562852381
0.83537249058529
0.835890804768562
0.824966132368563
0.828241245221716
0.828355045400381
0.837428750368482
0.844076263604598
0.830332473397273
0.844550688388326
0.826222409487267
0.843526155501871
0.85126342043053
0.846474858716139
0.831308185953816
0.842749209191708
0.835852842554076
0.813419995407278
0.835882666282311
0.832926542049024
0.8277417098222
0.82972755403128
0.832890729326922
0.836887676677881
