0.80827347159873
0.801857416575827
0.809052906748364
0.803470453609623
0.836518248459377
0.807018631399501
0.808131675043316
0.793884742907416
0.806387670862358
0.809554684987899
0.805122455647
0.793002363001435
0.799590718211014
0.82082766824958
0.808633613831899
0.806536109018697
0.803300847700013
0.80403079745402
0.82044371395505
0.80549799832078
0.767078096179973
0.803145403044702
0.808825787556149
0.799224513405531
0.80764329915007
0.809621030857911
0.806392802684712
0.805680105312425
0.808272080607936
0.776365138818605
0.805982528369653
0.803214028091002
0.808392771147831
0.806423783476711
0.841430583590639
