0.828211734203468
0.823529934958189
0.820925465430862
0.822144030836452
0.826779371990514
0.818479099801081
0.816850010899361
0.827923644899826
0.826121187517076
0.822340073206384
0.81495179794854
0.816404490077866
0.823190081940638
0.826329926825768
0.817628325819075
0.830431313805758
0.826291018043123
0.82123535126523
0.82144051650626
0.826148337420019
0.812165264711988
0.83205347968936
0.828295287612998
0.825654042164675
0.825529939033862
0.817960053146357
0.825011246634567
0.824415336676877
0.808783516831956
0.828690621332603
0.829960026144606
0.831819848979857
0.830924642051131
0.822748186338186
0.81827100436683
