0.656985990572994
0.691626312976326
0.707203674300582
0.686952711752511
0.697934159824293
0.693470343021594
0.684050061894535
0.682672116169844
0.686284579724112
0.682895764064867
0.70416857495751
0.696581636244808
0.694430045679248
0.711188444222232
0.680123585910374
0.67837970035154
0.699877982760332
0.67239778076574
0.696888514195226
0.699871829022924
0.709095892118759
0.668326923482517
0.670251827068907
0.704652802933776
0.694047273276919
0.672902655083332
0.700344835634761
0.701601702691836
0.685478560476837
0.689720445897841
0.69023567356038
0.684197212109769
0.696435024425239
0.714693304903404
0.686185877504275
