0.617954261530983
0.622689921942191
0.630432310465978
0.629890985256311
0.614538989892951
0.629944631724944
0.616093416404054
0.614063535822077
0.628211091727196
0.63106516675003
0.601664045794263
0.611270205452338
0.631729485589766
0.629291556530771
0.608130778060723
0.624398689319682
0.637098644411899
0.626802738048836
0.63574297777481
0.640000961484854
0.621033585899337
0.636669201823984
0.632213524751484
0.602825213968411
0.604936584963594
0.615807631344781
0.621507769732455
0.630954397863162
0.621645541995705
0.632499414493176
0.591559890919805
0.620453181884351
0.606276266327158
0.621125515541704
0.60355124547086
