0.795033728013788
0.794924637842435
0.795276545992921
0.930290990027278
0.795136107385933
0.794518078416583
0.858367084942319
0.794917761940724
0.794922062331706
0.795104837062993
0.794702799010794
0.795157285604499
0.794688523316442
0.795528892487291
0.794964385521625
0.907305448383503
0.794652533541009
0.79465764864476
0.860684731279345
0.795205109047053
0.79442578982387
0.795046661291554
0.794702821737967
0.795368457716167
0.795163503042388
0.79455769013905
0.894738181663587
0.795518382425524
0.795040713426378
0.795487445670001
0.79518480276992
0.795126204000419
0.794151096906564
0.794989175164241
0.794432589037934
