0.9905541085869
0.988697854718777
0.991523420448849
0.987841003121115
0.9913803857596
0.98906866119967
0.987773955709306
0.989507453652912
0.991083278978209
0.990262723860731
0.989914905382073
0.9909222400432
0.990287269450838
0.989932603090599
0.990747987036537
0.990080461730755
0.989205196252027
0.99011148953448
0.990972846087779
0.991019718176024
0.989190176785563
0.988343516213006
0.990531703583252
0.988848593915882
0.990570979972541
0.99225338115648
0.987755781383132
0.992015731018968
0.990532186027982
0.99009523836587
0.98915159922242
0.990129248987159
0.99120328562727
0.990390221273872
0.990303328781528
