0.557927149910126
0.572188641880966
0.553463822256695
0.542630887367203
0.558069826715258
0.576147505583976
0.564246540228169
0.570264108235754
0.583637317037817
0.553483691874142
0.544863149758582
0.57319885620634
0.569719604200261
0.566902389105626
0.556757600015013
0.575816658662615
0.565141549650866
0.558191293726982
0.554959634488
0.554035583374424
0.551730740108691
0.560096920969968
0.547280264305031
0.597730779227928
0.58492842849252
0.580830858894654
0.540681610048977
0.552738771736273
0.584221966255731
0.526394027236412
0.55226429361573
0.576841234585697
0.567693076028523
0.565510837063568
0.545870098678834
