0.428586530178432
0.431240625749644
0.423590099815946
0.425404558047345
0.428579762522386
0.433910983873767
0.434389420425571
0.421323008239397
0.436131855171471
0.434222191604172
0.432317892437637
0.41996056331545
0.414150128149052
0.436972763365788
0.418365624441257
0.421553778703473
0.428970980778293
0.427775937358226
0.415369717074067
0.431678171559571
0.434806861096064
0.427787533405363
0.426986865728103
0.42428649353151
0.430483446640579
0.439190131738664
0.432074841492228
0.422594166969939
0.436696078876541
0.428684839726196
0.432909471105286
0.42553340560588
0.440436095870905
0.438431491876554
0.429420434200076
