0.759963285317611
0.75745217072857
0.751002891647803
0.755136461708148
0.753387941207584
0.759742298130946
0.755347117874073
0.756311630008934
0.75783715632356
0.756351523256836
0.751414224758844
0.756181915142235
0.759191209711764
0.759647476238228
0.759444720425666
0.753788776628749
0.756635114765119
0.752048449905953
0.752916104349927
0.758649088337216
0.756707137939846
0.759658294976488
0.758822217964575
0.758237680564653
0.753005810295636
0.758782489438075
0.750828856813999
0.7566880271149
0.752317237073521
0.751972450554704
0.75581276363497
0.758009583832587
0.752097279864566
0.756704049675939
0.7562190436092
