0.184619286874453
0.314910163064234
0.24053196300292
0.242103921636496
0.565966241294289
0
0.563706557467179
0.0344367662773724
0.356469314309489
0.245542707908029
0.508545200525547
0.310930672859854
0.297547179713869
0.379144530411679
0.400799890630657
0.211530207656934
0.375419640410219
0.565975894448257
0.453252880848175
0.567068988066311
0.332263919684672
0.511541733824817
0.153674551868613
0.565370496597182
0.150991246350365
0.569031264503707
0.269788757408759
0.00756104211678841
0.582081284624763
0.244511451162044
0.138493013373723
0.457980953865693
0.430307810052555
0.3644792648
0.1907563504
