0.660849767604358
0.688205634273152
0.7260047585298
0.685075756028986
0.694737290223657
0.714393830547028
0.693442003029573
0.701234516760428
0.705430745668324
0.69721896415583
0.685811197738696
0.698302651951952
0.705565493907958
0.70159890568658
0.669575655735735
0.687071142067913
0.696868313486119
0.677286100933398
0.706012527307104
0.70382486028701
0.690426139173244
0.684771210944244
0.695322803128647
0.668601472450607
0.683604651448954
0.672951492227516
0.67742225902024
0.704140564081798
0.689630580632372
0.656909341791936
0.697015948952793
0.706153851090556
0.694848758330727
0.67006373200767
0.697308210588946
