0.98506972774423
0.983304736540153
0.972930944919954
0.98545303332966
0.986647488655307
0.986989835128678
0.986976485311339
0.989884993356348
0.986922174753433
0.987815905417354
0.979938727351948
0.987404197836407
0.988937268632477
0.98758395410392
0.984399891489686
0.982095418545933
0.981936651222389
0.986572220780724
0.977043829276893
0.988790810946005
0.988191485929846
0.984292314078884
0.985069018201827
0.986368813181073
0.986121129697269
0.986515363803959
0.971746224447664
0.987011293534834
0.98665043149352
0.98393663352937
0.986974029683864
0.987311426237179
0.985300025913228
0.983647979530579
0.985185365982014
