0.494433045197146
0.494291709746891
0.494032568740756
0.494385934094067
0.493549300300698
0.492477541222982
0.491518893085306
0.494009056200889
0.494291712267425
0.491959746062357
0.49399630772237
0.46470124666027
0.49405614407407
0.485051166722886
0.378539892125833
0.48680040400278
0.494291710278603
0.493505612067547
0.494268156712194
0.493914795492759
0.476342446061293
0.493891236731163
0.493539674287013
0.494121757007604
0.494056141528698
0.493749912425977
0.494844732463704
0.488779346951307
0.487552691503346
0.486748189985806
0.492911172994553
0.490130998068658
0.493702774165825
0.493255120414013
0.473769875235272
