0.761784094917203
0.762858375060219
0.760296325565283
0.762256064168372
0.760919496493151
0.758997762978051
0.760537687003576
0.762979453392288
0.761673330257588
0.761886448950035
0.761871505308316
0.763982032791738
0.765041422736999
0.763808185061529
0.758135974207664
0.761779867523394
0.760201876378321
0.7621932102923
0.762502061318248
0.76211978703418
0.763736473838344
0.762626963056081
0.762333541132634
0.761892226064832
0.761508004379136
0.765064194201823
0.759368758431865
0.763599655428556
0.759179823428211
0.765142708457115
0.760456486280523
0.764060538777343
0.759686833105904
0.763912387519255
0.761839447885937
