0.943614477607589
0.949050664711729
0.947257787047572
0.94700948684456
0.947168135365538
0.939059258462091
0.940561858193198
0.940998876035659
0.950193858323213
0.946974013991685
0.949178748378823
0.94917962735792
0.946372744432446
0.945670885370884
0.940860336002301
0.941352428672905
0.942592726130923
0.940077611411742
0.948956816070288
0.948225289592356
0.945621016116831
0.948016084008753
0.951440848761097
0.939947944807436
0.945794066775606
0.947659626732639
0.949408933244553
0.950688540031707
0.944903623781498
0.946934153609877
0.944389024279608
0.943106903146298
0.936343689273714
0.954847893168647
0.947594189192879
