0.986930568462931
0.986713737685823
0.986851995867014
0.987128516181843
0.987057104548259
0.987120552165939
0.986519417990242
0.98715725883692
0.986849592247687
0.98672844253835
0.986998996010399
0.986769940656762
0.98698677191206
0.987027741183806
0.986757864536526
0.986679498718112
0.98709299102713
0.987105012663466
0.987316724231815
0.986757343430164
0.987064470239077
0.986961017977539
0.987195338830976
0.986933014842974
0.986771848881878
0.987191904920329
0.986473025467265
0.987171544908855
0.986841135647777
0.986912769391254
0.986589545673819
0.987107980795068
0.986665102852189
0.987394487972195
0.987362454222059
