0.585309906330587
0.532878955390822
0.507178260129374
0.557182938266741
0.554286212651921
0.574631593352273
0.53573272991792
0.564551032937226
0.52681219757634
0.546382680013085
0.605360488336346
0.573776898372124
0.530967430794317
0.593370646730923
0.554103589731492
0.550191938921876
0.547916104252858
0.546527331997533
0.612301369290792
0.548497593551802
0.570666680538602
0.531561853861346
0.524978959674854
0.563409428093542
0.54290850435296
0.545848078454054
0.517385093871743
0.551473419731936
0.594939749415665
0.599572000842593
0.511757515568341
0.586126669275935
0.543704238632361
0.547218916050998
0.562399437576016
