0.97001950647671
0.97935798766191
0.977526840186011
0.978159481259739
0.975939121076352
0.973935561165529
0.980807193555189
0.969586901440482
0.981747091669506
0.979434011827339
0.980339865634983
0.973816229156262
0.977305403172391
0.981490108550428
0.979512627450573
0.975038784515691
0.981659055339471
0.971931130380077
0.983082512666333
0.97615172763597
0.981304530673179
0.971507156881321
0.978706997312946
0.980315311985
0.979474486198757
0.980955637887599
0.979504432112671
0.980231794087289
0.966457559453093
0.976383471091419
0.971511053108583
0.97946660914836
0.968178411444486
0.976419417421833
0.974806365716993
