0.986167734167004
0.986022667315565
0.986018132501011
0.986028835112482
0.986066633286724
0.986071242716646
0.986184970556013
0.986256691705995
0.986274559988097
0.986046793337216
0.986095652934647
0.986077284968943
0.986178983351638
0.986043874309476
0.985976538518172
0.986051397359859
0.986128617986343
0.985994406767685
0.986001465408901
0.986024465267862
0.986007235765169
0.986030185351785
0.986031461698006
0.986058072502374
0.986022208973233
0.986046658951992
0.98613854997348
0.986096351101921
0.985996698417373
0.986033129679407
0.98606282460288
0.985973295023828
0.986078818403152
0.98606155563672
0.986000791224633
