0.976063580968562
0.969069924614496
0.946561304086662
0.97802605597058
0.97829031920782
0.980346243635816
0.980295756263729
0.988924892532977
0.980660650539529
0.982656533840988
0.964468401207891
0.980627023157808
0.98563428066792
0.982989392636513
0.97430105732661
0.971136288267801
0.966694328237931
0.979712971301267
0.957436687567172
0.986371979876957
0.984428924963963
0.973852471801388
0.976338105145034
0.978951059115541
0.976935699085675
0.97900417274917
0.944223879511091
0.980695464470333
0.979233318655596
0.973663543044995
0.979714112166607
0.982107679381133
0.97791263944159
0.971817731212141
0.977478521516163
