0.977913284519478
0.979112938440209
0.981260407166448
0.97833814061311
0.980624653153571
0.981232796316721
0.981276784127159
0.97778883062017
0.978550838785984
0.975116242630048
0.979508925486484
0.977050235687977
0.979114450742412
0.980844754110411
0.980800308396826
0.978803779432943
0.975638705847959
0.975786506493093
0.980495799493318
0.977267828078432
0.982096734750569
0.978160762411868
0.98263559991733
0.98199442882943
0.980572781254146
0.978291148247258
0.978177934040831
0.977774379199958
0.977148154013613
0.981501762143442
0.978753476391671
0.981403885255481
0.979797447646107
0.981284928777019
0.974000975370133
