0.872617904247967
0.88198461745745
0.891934908249511
0.892601276840378
0.879230342377353
0.881177432891063
0.893195506917749
0.887982026787625
0.894362383350108
0.880617115674714
0.885724382943368
0.879093391119479
0.877975771717428
0.892923956339001
0.885646860742672
0.888635427689858
0.882195679712075
0.880726113402419
0.901586116001795
0.899725684651377
0.895538534151128
0.887604301535379
0.857906293606416
0.890552558397065
0.894188520502365
0.883299119531983
0.886412240447826
0.881192614588658
0.878406703025487
0.886199458703191
0.862630566937581
0.901646495562403
0.874094882723253
0.885163214346462
0.891313937354323
