0.923992555109023
0.919712528824642
0.922624287598862
0.912539788996026
0.894003331208684
0.913273243317038
0.912423209121401
0.92293868095305
0.916003208350572
0.919803398557023
0.919876960756509
0.910109104229414
0.918269069837104
0.922740578929456
0.920589239752477
0.922110360729915
0.927436387695473
0.920688102096393
0.920849774050974
0.921623338693358
0.919404286862473
0.91552607177303
0.898978806802759
0.917688686897637
0.908666255389972
0.924529896115616
0.917855889991603
0.915952640924807
0.908315696913599
0.901187787201096
0.916098268009562
0.918437127393583
0.907258065414486
0.913603058572176
0.917818851244915
