0.820139257568826
0.82831854729451
0.831184864607139
0.82874084861205
0.810853227019671
0.825613626130078
0.825768323443606
0.82044336831116
0.825650804807314
0.826693199077754
0.828687796436865
0.826039581869459
0.825318675568837
0.829387722217379
0.826231812584871
0.827307825487901
0.825044524236674
0.829927729934227
0.827256879251658
0.82291798758888
0.818505826766707
0.823317602810112
0.824751535205904
0.823856601671753
0.823977473622366
0.8262284612968
0.82721882206426
0.82502088790342
0.82463014764694
0.825608719249732
0.825428917543729
0.83044830301912
0.827519631731347
0.8254154010301
0.826223321183636
