0.647777989495441
0.726129842570988
0.698696220234896
0.626738609332655
0.647748559248231
0.644804889538262
0.667293648183226
0.413474832786416
0.694053734387336
0.71348466364231
0.64224324875018
0.696391348726539
0.692133656057282
0.648949077455073
0.726857942795982
0.648845303935482
0.64813388559035
0.698682489137928
0.658785310016465
0.667692012927016
0.648442852775693
0.648455501078419
0.648424103262664
0.6676269136328
0.662252360371178
0.639592428898825
0.699926214596814
0.694836507191239
0.693522520111607
0.694456329114784
0.617374458512134
0.718117451514297
0.645929467323384
0.661965518936793
0.642718234357343
