0.868983115688477
0.871190019945704
0.861146366092362
0.86596665766918
0.614422253724383
0.87854249053833
0.869818233871742
0.553544026662215
0.870971596480482
0.860083928016856
0.8701175632039
0.558585602559699
0.87396751224043
0.861936394930441
0.866535518193929
0.86928156939512
0.868488375307609
0.870610635997546
0.866481905681048
0.864273179212001
0.864155117458948
0.0221592028887894
0.872140951822245
0.871535965072854
0.869290680027932
0.591024125929922
0.864489812846037
0.865609487334237
0.873491377966264
0.870731112063589
0.868603303485166
0.876488098404798
0.865430539496026
0.873722377445203
0.863332900594759
