0.642121106411671
0.767127751608706
0.718623247656098
0.630650849096026
0.668410055793948
0.83530930695174
0.702625185902064
0.758905356581551
0.829648888763162
0.678423283456789
0.796421819264844
0.665660061014329
0.641831645021731
0.737305435689244
0.834649353831562
0.682341461840148
0.831320836716007
0.76280936701223
0.801876833259091
0.778917787758412
0.849930368858579
0.760643160604507
0.601225924623706
0.655330056563879
0.802802097690188
0.749288540988378
0.774275398066633
0.799659770199426
0.705166091467053
0.757712591306992
0.735227969052825
0.667152372670038
0.775666883611866
0.745449233701383
0.844101554706245
