0.590213888588047
0.59434156413711
0.610985219302606
0.595035658700747
0.557589976162327
0.586406206186106
0.583138759206301
0.593036805037329
0.588953973059738
0.608873312212533
0.568904647418313
0.569173943448832
0.580054505153982
0.594869751771682
0.578201290988671
0.5846342752024
0.570807726427384
0.582017093979336
0.566109510935504
0.592791302230233
0.591277587866154
0.587032772002818
0.62430839398237
0.56250959628509
0.602052657493881
0.602281382580195
0.598478427045467
0.610081008647461
0.582785763837319
0.57626851753837
0.609326039979504
0.597450896142625
0.598381953999921
0.592918882968342
0.581989122053638
