0.776003214427138
0.777831987087933
0.793349264286679
0.781290097364507
0.772862141031078
0.782239049046153
0.758424158633913
0.774655127248442
0.788924626774858
0.777187410564817
0.776472226701288
0.782990259211621
0.772631560706305
0.778016737475633
0.779685124280268
0.77507892383247
0.790267636138854
0.788735141826296
0.779484060574024
0.78276903662271
0.790444041561239
0.789780533492214
0.776312879718223
0.797330770311471
0.779297620552603
0.770802667162761
0.792655064649459
0.776152263028991
0.775207111790551
0.767462343527622
0.798266737471544
0.805975301802994
0.76161972377059
0.780828067095219
0.779542038067364
