0.740108242989167
0.741488489220573
0.753021107987322
0.72770494302409
0.753593160023262
0.745832599603975
0.747843162950665
0.735052001852265
0.741197262982785
0.734771437144419
0.739661875130069
0.752650138321342
0.74470664068313
0.721317688902694
0.752178183242721
0.733446096548618
0.743285967875181
0.72682957371764
0.71440170616637
0.734080598551235
0.749464997458642
0.75730228550291
0.753609335843703
0.745533778929763
0.746122488518817
0.727377342469579
0.732387765312066
0.738163801916846
0.7532400835603
0.727870266173924
0.739371863281931
0.73759891048981
0.749321514773017
0.741936349429367
0.734424961182126
