0.706367171408435
0.676022752211217
0.728505035613124
0.68620729922659
0.692306248021961
0.694399995338357
0.695499193616856
0.661941369460962
0.67628842078444
0.724601178305238
0.716175435108275
0.70057245709185
0.728755990577988
0.678950483292777
0.69202975501862
0.672570630586944
0.689102725027
0.699395340340933
0.678105762545814
0.696855466945666
0.665128705145117
0.740461380787667
0.677234383620716
0.684000731124997
0.687086895412694
0.728037025493255
0.706767072078613
0.695420084885221
0.693117899157519
0.702753711222067
0.68534730727223
0.697710881268717
0.679087807961943
0.707863147413751
0.67770595200959
