0.99580522085375
0.99580413222553
0.99580649257157
0.995806668439612
0.995806331793477
0.995804778766489
0.995808567382433
0.99580898828505
0.995814903793196
0.995804880886317
0.995807106444573
0.995806157572142
0.995803699659489
0.995804903763915
0.99580606757634
0.995829124514541
0.995805114139931
0.995805882663479
0.995806498014003
0.995805240138909
0.995805481217338
0.995801912664603
0.995807755826715
0.995806483822554
0.995806290371647
0.995805760717563
0.995805529169533
0.995805891931391
0.995805940459221
0.995805290974557
0.99580709339734
0.995806344689282
0.99580570903073
0.995806034659896
0.995805515356768
