0.722100587951629
0.741257304962942
0.746589757428724
0.541948215871547
0.54366820478985
0.543239833080792
0.707261733389739
0.545894916805241
0.746624564405246
0.547174352817367
0.549315081867812
0.546086219822376
0.741426337976311
0.549300354983053
0.541923312770016
0.739053597140392
0.548330934231582
0.550830021863762
0.54438939167015
0.5404246115683
0.743633903174618
0.541756660664864
0.736746417932292
0.729611700304597
0.549489848667154
0.748908647921722
0.544556963623611
0.549565907384631
0.751752595373673
0.758217728601669
0.151131704127959
0.54123710851463
0.55671505818188
0.552673566308695
0.747386102229776
