0.536115640874317
0.534997186286856
0.537623522153679
0.536922345952168
0.546575836730212
0.540345211628499
0.540278101301755
0.532686985100528
0.534060041937213
0.539048452422198
0.534521583502081
0.536086979720377
0.541359472634976
0.546141449378988
0.541106075409152
0.53990457401262
0.537089227822903
0.539922027477918
0.539310395485109
0.53750245184747
0.541018089493852
0.538565254874012
0.53289664991861
0.533551075226366
0.542076389222367
0.541311857504919
0.539505663196361
0.54386195692303
0.537520503765663
0.537827973441201
0.540624777177205
0.537572391949785
0.542450421368299
0.541879960236337
0.542396745551509
