0.275301068748087
0.297420114599218
0.294840907878918
0.269825740453132
0.283859571068401
0.25734947229582
0.253509643694432
0.266248674697611
0.324165006483497
0.271819460692429
0.287870355228386
0.312644128559183
0.297670743729988
0.304551649451821
0.233270983124781
0.25792589053133
0.297369921786027
0.271259109234296
0.261534852469544
0.267232214075238
0.246063143293702
0.277176531899718
0.307905297296754
0.260116217528257
0.274394322947932
0.26540046653998
0.276006681431302
0.301759018885328
0.274428682274547
0.263357466304998
0.276417541370861
0.250665329760367
0.270758258700418
0.25049116952811
0.277150578914662
