0.556359716542707
0.560956569695028
0.568756157999343
0.544716892533714
0.596370233568315
0.560629723662087
0.568870274074199
0.537145950562059
0.556807439531222
0.599751357597496
0.558583176551727
0.566079328274982
0.547875656850607
0.553079603586682
0.558511529516775
0.560255859474517
0.566945105912567
0.554944731927677
0.56243642118894
0.561152027411999
0.557115298850624
0.553242385807104
0.560524262683061
0.56336315957419
0.551524373712993
0.566538680774169
0.557949604550368
0.591943853667399
0.54794548384935
0.546616583863453
0.5636871469831
0.54617097483918
0.560422093692719
0.552872193360362
0.554095677373349
