0.969927068531279
0.932328447519342
0.956030692750693
0.953963959716941
0.959612271873621
0.972344640546319
0.971234723209961
0.963486456128595
0.927507887825445
0.95056951578034
0.947404211484132
0.949750383462507
0.963778162501693
0.956528374781363
0.943776300080001
0.971808536330588
0.947697196578578
0.946479750076275
0.950856025388
0.939359805259774
0.965039952142117
0.947908276928644
0.946387525938326
0.975574432900882
0.96075908165491
0.954365105955301
0.94868449389663
0.962721486997256
0.952597572367787
0.9564638006448
0.956982581283241
0.976806001223628
0.978945405754866
0.945048796659943
0.955473710114595
