0.903389742152506
0.918568534152534
0.885787648834761
0.91097804249831
0.921207384018368
0.911269876588162
0.854611824743992
0.914449219057244
0.90010545989978
0.918970901565625
0.891269326900865
0.894898269716455
0.900230448147026
0.867208749436572
0.922992226515621
0.881258653192523
0.903915102985816
0.906150959160281
0.893229419053019
0.866215980355734
0.890822709558202
0.860491552152295
0.874099417130321
0.90924200922261
0.913586848638617
0.886300887675367
0.895029846527523
0.888774709464884
0.912638021611686
0.894561612349283
0.862158730505395
0.857564744571724
0.870510606905161
0.904225797002211
0.905930529389808
