0.732046600395251
0.738576200563675
0.740370990527638
0.731772586729347
0.730429051960294
0.725562060432475
0.737049330671741
0.71823442830798
0.731732211533707
0.716549215826946
0.717154969568803
0.745588012546134
0.740114638034624
0.718379915599026
0.740184758644958
0.731539083570731
0.749495676799582
0.745193247353341
0.743755350171726
0.739877369265633
0.724417099293573
0.723004716414058
0.734185609570733
0.748297241483378
0.736484691441353
0.727862153935505
0.736002445115969
0.731280635365521
0.742789148016976
0.726954176108873
0.72391442312209
0.738742076860226
0.743794130097732
0.749243352219594
0.722841901727365
