0.769673324959068
0.769673324959068
0.769673324959068
0.769673324959068
0.769673324959068
0.769673324959068
0.769673324959068
0.769673324959068
0.769673324959068
0.769673324959068
0.769673324959068
0.769673324959068
0.769673324959068
0.769673324959068
0.769673324959068
0.769673324959068
0.769673324959068
0.769673324959068
0.769673324959068
0.769673324959068
0.769673324959068
0.769673324959068
0.769673324959068
0.769673324959068
0.769673324959068
0.769673324959068
0.769673324959068
0.769673324959068
0.769673324959068
0.769673324959068
0.769673324959068
0.769673324959068
0.769673324959068
0.769673324959068
0.769673324959068
