0.930391177620673
0.929948555570881
0.931357648258284
0.930226787960323
0.929351313898012
0.930162188845525
0.931557654965674
0.929544883117811
0.930213552948444
0.928565506315553
0.9320072327638
0.931353127441965
0.9310346283955
0.930412001985548
0.930613459624229
0.931752893360018
0.930382252184913
0.928787531627051
0.931020767244765
0.930529943263925
0.929871352109404
0.929191927383871
0.929745206177249
0.929692355827604
0.930324461187725
0.930253727157831
0.930920596481331
0.931753860388178
0.930289256998837
0.929712812853103
0.929853805393371
0.931420063282989
0.930457415070112
0.930673266470512
0.931498637495821
