0.930394537287209
0.929052907762931
0.930089319648998
0.930365695012215
0.931643754515029
0.93024353923638
0.929135819596757
0.930215359401183
0.930248616098381
0.930702659838414
0.930424119709313
0.930541790023683
0.93040585133228
0.930193326966631
0.930085000310611
0.930503937822092
0.931316775239385
0.929720965070693
0.929274740732988
0.93048000277812
0.92961170060637
0.930205782278284
0.929667409304151
0.930286464301332
0.932540015483864
0.929626499984591
0.929630254830546
0.931936385947299
0.929960125817472
0.929372639514562
0.929884988465124
0.929658645238564
0.930582814232564
0.930490484455067
0.930911106467325
