0.591116599233755
0.657187281289941
0.33610391125505
0.395523996356215
0.637196024079661
0.637959845796605
0.575495135994084
0.614647624583461
0.393641931121913
0.295480967658899
0.489080802089872
0.325662984937698
0.430105050138254
0.505580462263243
0.574456310431743
0.448988541733724
0.663301756337394
0.432831657780803
0.413667646296899
0.57444566930496
0.353957145742494
0.584494601796065
0.394382553137477
0.292489138879899
0.57471776151458
0.574782513101821
0.574310259139328
0.576999567759943
0.574337579764369
0.458973221872359
0.575413273185724
0.580834460116134
0.575277575861635
0.574638361640639
0.63387531125029
