0.939081319435498
0.930175107803658
0.941214245339161
0.927601895124452
0.937440539171614
0.934526621323789
0.93449206679518
0.930433699015056
0.937905250780496
0.923501504083288
0.934323152819676
0.937613581093898
0.934739315722221
0.933757349571721
0.929833582437349
0.929150276103818
0.925317141123117
0.934556810683204
0.931118543908414
0.936045614502018
0.929186460723406
0.934445958901956
0.931317859152208
0.940245184175591
0.931166105887817
0.934940324651914
0.931605664437267
0.932991405590551
0.931883732712123
0.938466219370493
0.932681572587406
0.93266004929099
0.935338067388025
0.939472146455988
0.934253467874589
