0.87786116581563
0.917087220786787
0.834472620466232
0.843830970893334
0.887667330554708
0.911106606444452
0.828856977787712
0.832434565892184
0.888812666578206
0.810223702792132
0.804885196276719
0.880198970203317
0.861013315870905
0.863108527145166
0.901867876064697
0.858545309134493
0.892046543328782
0.868489994143964
0.892135094421192
0.895388346243921
0.787209591564928
0.918260376231402
0.901267807025749
0.837795970600157
0.903628116611975
0.822162728656894
0.848036529632517
0.864873606168315
0.896591157688222
0.883869570517881
0.907127442847145
0.884780921718363
0.911688966596363
0.913907505256387
0.888105245402879
