0.896522368309056
0.897720153057628
0.896616223219958
0.895223711341264
0.896001686859346
0.89575875154399
0.900951741438091
0.914369877716697
0.896886110935549
0.926676811515632
0.892923130399768
0.899575976113787
0.900303263818318
0.89418972004779
0.897024405094228
0.897851707465704
0.898835710419708
0.897600276406668
0.897403872032742
0.897309096808026
0.897578948370555
0.901115615157249
0.896960418604716
0.927304114022471
0.900741859786611
0.89608157128919
0.896748833570259
0.896915982460578
0.897855501940755
0.898693956340576
0.939673000196841
0.934913546415696
0.902000668788667
0.89672934217093
0.896882914242949
