0.612756686090151
0.723214595565875
0.608789743483693
0.591349167274697
0.609467455389445
0.633401918117202
0.630987296840791
0.719584752045664
0.604538302217343
0.696974924571971
0.703492610622543
0.608266381611156
0.609083346572002
0.621069201853808
0.71625484691268
0.63608125926236
0.595968441222832
0.609953003224491
0.633780145138293
0.629735944774825
0.621173414916949
0.629270280526031
0.623068355504936
0.625006452766167
0.618829968957793
0.618169637783252
0.593442349563284
0.603801936072527
0.620540635964834
0.615344199034058
0.622545162346089
0.722683658719799
0.599254662382302
0.604623789832346
0.612552824530892
