0.841378204457475
0.852643755895595
0.860523179385942
0.708137881332064
0.855273244504227
0.814881163201256
0.850508337909642
0.855571972280753
0.827883975663048
0.854191931855979
0.860150385927309
0.840528963783893
0.684691741335987
0.856538482803797
0.851783542038988
0.821830389652752
0.835499176095944
0.84620137038539
0.858758286706846
0.830516036798429
0.846572207867925
0.814432183810949
0.864095916212279
0.842711961920947
0.735680695254339
0.786934451328673
0.735789854821485
0.842818578212608
0.846500541075887
0.860506720249641
0.758793643065268
0.771759501152206
0.852471548467806
0.829766143291039
0.854551715772496
