0.821265714802534
0.803024238218279
0.814937855030785
0.812900783208526
0.808516283755089
0.803807582927575
0.822925249901926
0.804134005069447
0.811579439917535
0.816529818434871
0.819199639132687
0.81627791992697
0.813378697563389
0.812661682098221
0.802151700031005
0.802757371919286
0.804132129793547
0.81511968912092
0.796406428762377
0.80633343172766
0.82886914747346
0.810876394376587
0.8220096197374
0.80363952875319
0.811359264268011
0.809845114078795
0.828166890523311
0.809211167549822
0.793933563218031
0.810376250249633
0.816855789201366
0.819495719020543
0.830970676264203
0.806569808256531
0.807156638491034
