0.866498683046078
0.86736716784396
0.868561743409813
0.866516282525444
0.866503432112499
0.870896784075118
0.8694119956819
0.86524418145442
0.868746937226223
0.868835561214656
0.868882209635572
0.869807647164704
0.865279357019091
0.868698369488333
0.865533363746846
0.867313910272214
0.868174639546409
0.86778677480175
0.867817627505893
0.870043380488669
0.863884108457843
0.866854511461077
0.869596541278646
0.867400747464379
0.863775040203977
0.868091700261979
0.868910007779397
0.869058089334161
0.866592432066495
0.869178532202762
0.872235807174062
0.866619212711339
0.864576281768525
0.867710946403102
0.868448309801582
