0.947498228845766
0.950291620237676
0.950830984511362
0.952972864807157
0.953140571710397
0.950315949255642
0.947490254799677
0.952141079273817
0.956295041700668
0.95041939642569
0.952218852072065
0.955803747849926
0.954421682073058
0.947921251959114
0.944312936451893
0.94569964123725
0.952951783604971
0.949034404030504
0.945128996860785
0.944497072418654
0.946440920374241
0.948171792226793
0.952370432007409
0.954695955810196
0.951708571969844
0.952759906265199
0.9486344151979
0.954665838956503
0.945012988895997
0.945317909806964
0.944865662499916
0.94870548661875
0.954108124522189
0.951732398805321
0.947674029410276
