0.902469967650216
0.899163132979371
0.880430852732899
0.874980912703914
0.905090631059797
0.90162079151875
0.907137643139235
0.901202317465929
0.870575697321866
0.889339390231278
0.898152577463748
0.901361427371533
0.90220440383111
0.897191923094171
0.911099938083005
0.9020055064745
0.882929286971077
0.901290890611918
0.906499409191934
0.898313906932921
0.90448472256336
0.902296362893064
0.914696371775889
0.904519305418139
0.907355146854634
0.90167180130566
0.875546851163494
0.901379840509602
0.873292578890354
0.882549647073441
0.877397470006227
0.899671789494044
0.908477200120348
0.911351142930733
0.904338469624747
