0.971336854775042
0.974215891231538
0.968682898212764
0.971187823436461
0.968912362670186
0.973066105399412
0.971886226736482
0.973111972049429
0.965267554134162
0.968962015380624
0.963453263894214
0.968314689668823
0.973653147151429
0.971110790304688
0.973080342651585
0.971144270723485
0.968129734163901
0.968505822328036
0.972522357632899
0.971570008687546
0.973685161417439
0.964997581982748
0.971657420455394
0.964817871953063
0.963512024389744
0.970409985173801
0.97213703638094
0.967667352115352
0.972150964455719
0.972010034569146
0.970040212532077
0.970158753376032
0.967182015637697
0.972093356330416
0.974747874105321
