0.39592683208374
0.24917557619559
0.259747501908418
0.250227733636097
0.232771854334709
0.24807272408804
0.233065103442884
0.280702764127614
0.370803028470284
0.277546264127773
0.19413087823996
0.304758054465138
0.369413516197426
0.237560328866849
0.31282757177242
0.223379109571422
0.226366838798781
0.255000464995987
0.208520516382591
0.196175597028247
0.188284571569934
0.182219360066243
0.331733338801657
0.209262395359955
0.224694735359147
0.293910335991802
0.271551184934563
0.253775277688849
0.141279630390168
0.247064056391457
0.213746644355514
0.213260078382142
0.300617038023778
0.238833963100241
0.279093888668551
