0.837968086608235
0.527182437108935
0.82119060041794
0.754721758584045
0.455095751489311
0.795438808470958
0.822658476611606
0.845296337839383
0.837066310613527
0.836068837262435
0.518269676808964
0.504494236847507
0.573763128524551
0.830356845426322
0.78213904160939
0.811511437595653
0.787492956872961
0.84504551810282
0.655747701950224
0.497615840711908
0.794941710925705
0.834064917238281
0.800462702208349
0.827863805795645
0.815728666371176
0.821477716427992
0.822181910191747
0.61600697239058
0.850021525118214
0.832584572507956
0.844599334885988
0.855624066457757
0.811137602646522
0.839815050787993
0.673101543653913
