0.980278701268169
0.986029818068067
0.964016304707619
0.986140434552528
0.959449902832078
0.979110465269317
0.991339217915837
0.972546744943133
0.973311762658035
0.978428897339025
0.971696718569162
0.976909308033988
0.979936101075816
0.982800535123099
0.968761022254343
0.975965023765995
0.974828272189528
0.945076740158417
0.990040390393168
0.97287406969635
0.980516692165988
0.940706756338711
0.979163306886222
0.973342592672541
0.982154368238276
0.985162923075281
0.979318097269609
0.942056942554885
0.987337085415828
0.97553761813223
0.974075845195507
0.981598601828232
0.97863635709812
0.964709235798285
0.972425083672621
