0
0.186306959337015
0
0.168125634871099
0.0826105138573587
0.187442824775151
0
0.123700059210696
0.215168735355227
0.127634779948178
0.295089471179359
0.0129067938868225
0
0.0675737734249879
0.124273987511507
0.105997771435628
0.0961826081721849
0.076581165361219
0
0.0242732048940318
0.0682531763420319
0.110733983436985
0.146425821697549
0.177245039494235
0.0394517380409645
0.0425596196534451
0.0997196725505002
0.0322814068666162
0.0331373152525683
0.261478369730224
0.162533390204558
0.00548696156444339
0.0535369444131732
0.0375439726589072
0.258498543709165
