0.976762315988103
0.977736053733348
0.978273650084219
0.973992151734345
0.978969215268336
0.978542664008273
0.977901529896809
0.975033864123208
0.974996850834495
0.975433981868039
0.9770494550033
0.977310810621181
0.978586944250461
0.977030896659808
0.976522101921277
0.976953830042289
0.977535582370924
0.979993069402979
0.979196544205683
0.977283138334653
0.979213249320358
0.976574199372026
0.97934649623021
0.978128280423726
0.978125999651737
0.976702786456047
0.978868884050413
0.976540719413304
0.976146049878672
0.976143855913118
0.975941893390709
0.978551880291852
0.976525771889438
0.978957454968913
0.977845591239996
