0.941664867352987
0.940833254457899
0.941735346882543
0.94479687349904
0.948003926880722
0.937821718288644
0.940791211567264
0.948048178851943
0.946389592225891
0.939805526513045
0.954117797861839
0.940957713656123
0.943709793653618
0.941024328829898
0.94130581279732
0.942819396444985
0.951418492085206
0.947979308760714
0.935539255322328
0.942043007720637
0.946997823400193
0.943256890588211
0.944462633090736
0.946906339678408
0.949396939814967
0.952372506729157
0.940142903596213
0.950967675048863
0.944764909955103
0.937591466977743
0.944912236093827
0.945399807310938
0.937682386393213
0.948223746905406
0.948189062338389
