0.9314395592574
0.908490119264435
0.928379119524795
0.930887324158758
0.909864308523072
0.930257969426425
0.934001927681399
0.924154755794809
0.930363870348616
0.923377476860843
0.943895275593959
0.902565047825997
0.924504595922442
0.928837508743738
0.917672050474828
0.922787628897972
0.931456053835923
0.925203148639223
0.933705141066244
0.931006236092911
0.939282539222811
0.927134250228436
0.928120122100349
0.927187052287116
0.895385392319693
0.911650146507923
0.921719469414573
0.9414968445846
0.919361616869612
0.93867592790802
0.926100696839379
0.927080607502297
0.896772730509152
0.92868653514689
0.93418447428148
