0.969932555268521
0.973299470646617
0.965324627624987
0.967433522606195
0.959449391590162
0.976096748552004
0.991273618572128
0.959890988291637
0.957842752037162
0.975270536832421
0.971271530079871
0.974331865630672
0.966954377725131
0.978951114440772
0.968799660491822
0.973689351667545
0.967034842510018
0.942085345871947
0.99187275790919
0.97300467705958
0.978116570169871
0.933434296351101
0.975843959999057
0.971586587020368
0.979785284479362
0.984634222020913
0.976851814754052
0.941703710424844
0.985385413411492
0.963259116232093
0.967436383590731
0.977368706292776
0.974411047512518
0.962405837610241
0.970697177973339
