0.683521143904397
0.614048371023179
0.696516379924747
0.667062985900556
0.577733299637206
0.632239651909095
0.516642588791053
0.643096350111432
0.743329555641175
0.635070313726196
0.530859174809499
0.668238630224331
0.68685482691329
0.599950315760999
0.508667086960222
0.604276154285006
0.681958337952375
0.535721022015712
0.499820633566092
0.479271143074212
0.658201065477063
0.605201520728991
0.671725810160381
0.394286225732512
0.430323693474577
0.524949302260969
0.597370242891355
0.637393703881362
0.640906712792552
0.708239859562804
0.520012880107028
0.470879629494581
0.566005818626419
0.311794113714539
0.52053346568179
