0.455460242805576
0.446062126990732
0.446393191400225
0.458763244332597
0.462233714007545
0.435575450419236
0.444451483049473
0.443513974661388
0.443828609347089
0.453917981917155
0.469045571077422
0.444968638667959
0.437069025937456
0.436308125107467
0.383484333697706
0.417036090296361
0.427875969196916
0.43066672312691
0.451246043454229
0.458811317590514
0.44915747492849
0.445722634601457
0.463174846306487
0.451596097196638
0.44827005858783
0.444857996233673
0.441292158772509
0.447100422585934
0.418649786965444
0.423316767462905
0.413202636493327
0.432013208725411
0.443342369752248
0.423823910808552
0.4331626979114
