0.988780836062625
0.988653954720893
0.988940381540436
0.988705553921357
0.987648898413413
0.989516286741106
0.976585166864735
0.989034260239835
0.988512273990029
0.987679082416317
0.987852331622981
0.988911652256971
0.989177676886059
0.988883874927465
0.989056585527302
0.989162414169683
0.986233085544394
0.988545752760933
0.987591597011362
0.988192534785513
0.989184113995978
0.988379155469447
0.989222351677045
0.988834995539756
0.987765345110831
0.988024213293435
0.9890008713967
0.988389001685067
0.987756852870005
0.988059990052347
0.989624146849861
0.989045378338227
0.988823030940308
0.988064729269366
0.988960584174902
