0.735602077263654
0.733162404664277
0.7271731146139
0.728773984235363
0.737670986278511
0.729105988279616
0.732492930969597
0.736183435697657
0.728678592291811
0.720961681910514
0.730099830148541
0.733500356129857
0.732157990498903
0.722604136096007
0.737350126458287
0.723679302273871
0.728452865960404
0.724362921198754
0.729772885377072
0.725272396252309
0.731573440021885
0.731311810958567
0.726744885749383
0.731482658867097
0.730787305478912
0.731405638554565
0.735566755406642
0.730437333610656
0.725985747816588
0.724827560414263
0.728912888973611
0.729616985723356
0.72876787843621
0.729795672724369
0.733686468964778
