0.804668642777774
0.584901233396436
0.859978956039704
0.821133526616394
0.59811252977943
0.603702446959043
0.820539396289453
0.815779056072349
0.791414225890182
0.794273267482223
0.526177102812196
0.437758041640748
0.477566998391333
0.757887466619845
0.55933004166909
0.787869014881959
0.747078605113963
0.852958011779357
0.851183494970433
0.454945092371723
0.511599491884852
0.827607388184597
0.788870501931789
0.756494500434145
0.819119588266904
0.82800090732571
0.813831596959971
0.685210244124703
0.832385780639904
0.797172236708535
0.751538493554562
0.81265972922173
0.572337996889715
0.838342864025071
0.568700402930302
