0.719122638895724
0.728908373789695
0.725117794708904
0.720796602481433
0.727851232619697
0.724470301870502
0.727369304598534
0.716620476081637
0.72951637179624
0.730450111721479
0.73914758598039
0.72587642343067
0.723983955016343
0.72649077450379
0.726224345760377
0.724404337353707
0.731787633361887
0.732538953757542
0.720816542984053
0.734059911794362
0.727876796976902
0.723801176126395
0.723013959673993
0.734880423623663
0.720150186370253
0.730408239315141
0.722050372110901
0.727529232944622
0.719037037625172
0.706744324737203
0.72922818358412
0.727492975295539
0.727704707881039
0.735036559296248
0.731355314656869
