0.905984692801368
0.842968781151735
0.90129847729027
0.889430522924876
0.895013136680783
0.843019267989598
0.814769737896743
0.885636325992233
0.891365196818249
0.877483802927406
0.899415107590528
0.895768086519067
0.898426069187287
0.900707375359582
0.90139407201562
0.867123867394738
0.83530644811789
0.846641830581143
0.859479517694311
0.887476633737989
0.896982846780863
0.902841669461931
0.916433476625161
0.909453860049244
0.904489658363755
0.92001389657404
0.819013392345597
0.893613552847272
0.91397136553859
0.885276051925312
0.902475959195725
0.883088098666019
0.858333140833527
0.91811430854303
0.913890337246152
