0.899176212896223
0.901272840995209
0.906122112622732
0.906096723924955
0.834975926686015
0.905239681619826
0.912353670275352
0.905066615175907
0.87846909278281
0.878404827064528
0.908961489613598
0.887601634614658
0.920752193616256
0.876205695762169
0.811763704959179
0.787024988295586
0.913257560291753
0.887009550492615
0.693156104998704
0.933542247229338
0.746256674960728
0.884025142440372
0.912797586081518
0.916007713023379
0.940659702174618
0.86861550542929
0.779682195437832
0.903711354811659
0.867149131201688
0.917389877340732
0.85983439368883
0.927194844235658
0.901804033627374
0.909200147719887
0.922941918900541
