0.830995458935981
0.403243548813657
0.825116729111997
0.587733828449526
0.552679841922883
0.534231661490157
0.853683128001166
0.808586022660685
0.839872999667721
0.829878928973081
0.575450292728046
0.43083064895838
0.652881316135325
0.84237182759792
0.582628892481367
0.428972809539216
0.77385676360554
0.605798607033044
0.614561507818351
0.53785514993188
0.398497160552567
0.502297479019986
0.795903283660291
0.550384043057955
0.844261362464691
0.850117795465049
0.820454635071847
0.593558287727285
0.832640882188879
0.631737289565579
0.827445065536187
0.7961246428348
0.513923541270759
0.620695364006805
0.461896779573288
