0.680724043345241
0.603290343559977
0.695111987674397
0.667681164863196
0.53538207903513
0.630054943092413
0.468351496729098
0.567573738277899
0.72737215969938
0.61317850617239
0.510880032994841
0.621638486735768
0.644649583397229
0.574733601171842
0.508420952395617
0.567106721008975
0.680782805391384
0.511995339588527
0.480291563102571
0.469066804511352
0.615316181739968
0.517939383757444
0.672415540977766
0.38846827052933
0.412442289774825
0.521138490756855
0.556549357719149
0.608348015406944
0.637016130336542
0.705866088098914
0.474546533340803
0.455356991395857
0.566212155881813
0.312014908770353
0.508820055412854
