0.973929089795892
0.971700700221308
0.969956399666486
0.972617251735193
0.969040962890976
0.971420552760804
0.975841291293867
0.97003134511983
0.974380437436384
0.973722902116997
0.974603277411812
0.970632026754526
0.978672576403419
0.971053743834934
0.973348073856042
0.973792428711716
0.973148713253816
0.977380604296552
0.975125845346665
0.977065103670406
0.976886569726243
0.973606259449618
0.97431733065353
0.976286936955972
0.973689800535919
0.972083783712286
0.973638208331806
0.974824527695399
0.973484260850883
0.976188341731259
0.974558204436344
0.973457845662043
0.972980949245976
0.97108841707588
0.970037997796517
