0.669308562288726
0.983335578290628
0.860176977129231
0.653497744933039
0.847495477099549
0.574990885108059
0.769880645298181
0.653248573886126
0.549470726784728
0.496283413939138
0.60625919556778
0.898750643750837
0.861260174990865
0.745716025537272
0.749312642958727
0.754089609983636
0.637025070846515
0.797770838623155
0.628667244129256
0.748829725533173
0.657949189822426
0.873121070897003
0.629505752277007
0.703400330201955
0.683465873293349
0.756680578716886
0.747419764074319
0.772736202126421
0.765081026135288
0.765017295776558
0.8776975898626
0.778336418434737
0.746184158623178
0.752487366674008
0.639316249027525
