0.968748514146407
0.969169389792925
0.96868382704221
0.972552831229613
0.968174140359354
0.969811393564498
0.9625508706437
0.969360848169725
0.970782558961974
0.969351991701988
0.969763101710572
0.970602326537527
0.968094494798929
0.969071085097908
0.970281831387793
0.969368435314498
0.968768274971943
0.972823743316984
0.966760743739956
0.966600222496782
0.96941856498006
0.968467115824751
0.970740142288623
0.966060771413236
0.973376850126888
0.968650041940178
0.970242681153706
0.96965911496997
0.969652331874696
0.968136981244731
0.965036120185857
0.968753640679276
0.969775889630008
0.970856909359438
0.966436638701841
