0.380167332681937
0.391031002203833
0.382845729587295
0.369542331524575
0.376337646911977
0.370752503456404
0.396338444197856
0.352045908839571
0.376434888083643
0.384082775666165
0.365695744560283
0.369002776690855
0.35801121181976
0.373212700421105
0.400334136083328
0.365254806808983
0.360846180985405
0.377636801188799
0.364965592514292
0.372357227562266
0.365219642185475
0.362962201433562
0.36539441308694
0.369514139577665
0.370931217090843
0.370784657044254
0.381820332799812
0.384592219681304
0.362585538200284
0.369031176387497
0.379337053000093
0.377879848533973
0.354879753267934
0.368659580860374
0.377709358824079
