0.514740699206803
0.494421277888559
0.522069533624997
0.508584957907559
0.495134795596998
0.497683553878236
0.510939738199103
0.512197990482738
0.510442707409436
0.513818068385538
0.505241207485384
0.505912221049259
0.516213066332766
0.504417885789625
0.506554718116299
0.510036266021093
0.496182992146125
0.498948937175728
0.524536374433584
0.49853910198072
0.497279657785374
0.520048103727304
0.502610970338432
0.52171455238742
0.503037777742603
0.511257777452241
0.515853412715397
0.511913424634496
0.512830278540072
0.512955653670491
0.506021780327193
0.518282113132557
0.512414973113763
0.506722683708637
0.498330599546342
