0.420870357497783
0.533311232368639
0.512751407332282
0.451236277084565
0.484706713539372
0.47976333708494
0.450311102250996
0.470258069949553
0.61982439803152
0.533798780582936
0.521117868680115
0.500107594061957
0.510091101141195
0.474598967821925
0.491804533653103
0.460564867031741
0.480198126844293
0.518499350021788
0.594727479789498
0.438982978307396
0.369029500653309
0.340055994330972
0.437948126690702
0.579840745950618
0.440402831837749
0.495114207286322
0.563850042834078
0.500823519456106
0.370044306619067
0.433124602178381
0.578377995796135
0.522605864994745
0.426920895530235
0.498683108704804
0.407486010392275
