0.0583276364798744
0.0425884567273603
0.03123063126255
0.0411402232070456
0.036317348922924
0.0407888945503858
0.0239156615348088
0.0373435088493169
0.0485762531981245
0.0330212488931675
0.04522714118055
0.0250571392994542
0.0388974073939236
0.0445333255885062
0.0206457669631446
0.0401093084349121
0.0340872773525873
0.0356472227803906
0.037880847456195
0.0194335112842106
0.0338746366378182
0.026292968272366
0.0262617328512616
0.040724631405812
0.0271601770566414
0.0502947985830426
0.0290949609924719
0.037791732251618
0.0348285741226677
0.0277750621987254
0.0932484042681578
0.0388905598345977
0.0582517834271017
0.0369880186032539
0.0608067558069631
