0.891501615709393
0.860477252883392
0.903421817396907
0.882401109038458
0.872373738216639
0.905630284825594
0.87664502496796
0.905941516803515
0.891496669752475
0.920166492061327
0.846189934562351
0.893886770504711
0.909875779782866
0.886758010527833
0.886608057838978
0.877584310590127
0.868847343167097
0.895691767390278
0.89536108205156
0.874978477933229
0.904268559625434
0.880771505722568
0.865731351953415
0.876184905998754
0.872670222225054
0.874222297629177
0.880410260583415
0.886956141780524
0.877857633249579
0.836158371896873
0.900577209956155
0.874426209989638
0.879848354889097
0.893136017051792
0.891698351364205
