0.766504470137938
0.768445504123839
0.773085212462412
0.768626894968898
0.766777732894511
0.765327596429315
0.778133856984456
0.768417297017339
0.760346207174273
0.75906964252873
0.764489651884115
0.773987427667676
0.771460635334195
0.761750469401375
0.766454287153919
0.769886920770938
0.767206558453542
0.7676477494838
0.763839849725899
0.767247115525072
0.7620549259635
0.769922405432072
0.769871362595179
0.772070766982326
0.76700061527937
0.759578011763635
0.767781399497435
0.767896842909637
0.774342276956858
0.758949464690167
0.765416622799445
0.760668597533738
0.764195384847323
0.758869085443366
0.767528148149749
