0.913662128578888
0.934148863364408
0.929303857476895
0.91664155078137
0.94892546271516
0.938127033952925
0.925598768148015
0.935068139571138
0.93712387987795
0.937330978678265
0.942211812152298
0.931085479347487
0.942781982802315
0.918325448738003
0.911434044862861
0.946575588787356
0.937863509853167
0.940081238621339
0.93725159776999
0.93983305229119
0.933673066321108
0.933399392742595
0.928014906961506
0.940098290707005
0.931240091345173
0.941605389281398
0.94264705286526
0.91375562212634
0.937005206390607
0.943801254954813
0.933105772111307
0.93337069160834
0.907091782808491
0.920343058422994
0.93372857369669
