0.412398619878115
0.426344336370499
0.395456155332685
0.42623582954502
0.428253111417419
0.402762760272015
0.409871601575455
0.385630253506939
0.38401112766852
0.404953307869026
0.435652465379372
0.383520365273875
0.42672574619379
0.397161181371956
0.398169250645188
0.406789105984466
0.416268634254843
0.409756289773286
0.432715060533532
0.395705351660658
0.405078000831672
0.44408880576374
0.41293981017798
0.402037207131004
0.432182728106169
0.401315793309068
0.419426628127886
0.41941339234552
0.384610539570944
0.427589741400586
0.39588631683354
0.390711895175175
0.417882529165459
0.388330528615228
0.395132262956849
