0.760488318188326
0.764112051510264
0.761108515640517
0.763838149194862
0.757867011276115
0.752024998619053
0.760421151322838
0.7490561912316
0.758391088702399
0.763662941606837
0.761198543449172
0.756012733462565
0.755888391106377
0.765445754114154
0.757605669272816
0.758390444393411
0.751294317346867
0.759477079133946
0.768536712825021
0.758327265024227
0.755356922944261
0.759397332243385
0.757224754707921
0.767132009001524
0.767811888196965
0.755792921598561
0.752880274303484
0.754774966925342
0.76339289985414
0.753508240290637
0.765796789314077
0.753010252855651
0.767901933137052
0.763302850017971
0.759352599919742
