0.898090900139064
0.892186686135646
0.897686868505467
0.894773793467007
0.904662149973795
0.906090527924321
0.903760284839518
0.895190971464108
0.924956249199453
0.908132723351392
0.897517883557113
0.901324729510318
0.900719264196446
0.897218498105831
0.90746850233591
0.903114021216485
0.920962275878457
0.914617096696058
0.913471141991755
0.895371980351352
0.889507159731158
0.90454414268972
0.902418154023922
0.902437368490848
0.895480338638975
0.900622980118899
0.904361846357486
0.898149296443435
0.898996233564928
0.896738208106362
0.915024550609787
0.898589675970929
0.920292512814375
0.90116773454285
0.896360944097136
