0.668589517033181
0.564586722049636
0.69036657461901
0.546787362613758
0.498361242393115
0.626813186084142
0.43154509393469
0.564082890486452
0.719005580592327
0.559807803347831
0.488149429272895
0.616331080577708
0.605967567306731
0.573400717855474
0.505933539943096
0.465053071251775
0.661438294121108
0.506901530953111
0.439897023411435
0.465091340459876
0.612493540029623
0.462311135118162
0.655570668133965
0.387497927321807
0.334237508734279
0.513491628360387
0.50054340633488
0.583524178843003
0.609087669336346
0.69678017228108
0.43498301037334
0.432247818483337
0.566411584169946
0.271837451441199
0.457836624625327
