0.892798204962754
0.923132871191272
0.892672523997996
0.909283959384879
0.908874023529953
0.898128445345121
0.916599014710594
0.888245703114677
0.923190163238586
0.884502205928133
0.920262399641366
0.904557902126069
0.902835687085432
0.896925581486018
0.90630101488675
0.926715703513826
0.924989058815511
0.914222560804579
0.911413602743067
0.897451022175058
0.933198925186941
0.936002531656552
0.892846786194942
0.914186454136631
0.918977491168581
0.915972906400864
0.896678271318975
0.880587109615691
0.932662349942635
0.912417426198169
0.912582906613769
0.878929603087778
0.898902297720791
0.891711843468262
0.882724146119682
