0.929816967175243
0.931192540932938
0.930135098551552
0.92978525218146
0.931360827110915
0.928265651069703
0.926724399638824
0.928699112158407
0.932412556482671
0.925897561137189
0.934537590878389
0.925903601210182
0.929698448033458
0.929122543146253
0.929780430551801
0.926251664853733
0.930307139711235
0.924290661807409
0.932552336229078
0.93260388492255
0.931183951207425
0.927428376231441
0.926101435372057
0.931806305828255
0.926021422326442
0.928479362846208
0.926162932788353
0.930770028785674
0.930081631429345
0.932140649541799
0.928666246866421
0.93104887677651
0.932915400805331
0.927949071834645
0.930310955884585
