0.757635455487653
0.760916326885101
0.756099465319806
0.760096688878143
0.757686707887061
0.760710045440049
0.76057247595633
0.758149999228987
0.758891249381566
0.756636365441807
0.762361859845402
0.761497295083116
0.759852851228212
0.759293213788025
0.758916261002884
0.758034986940848
0.759736268421816
0.760340998128466
0.761491602961437
0.756910403423243
0.759847010406285
0.760852720624532
0.756692880488821
0.762208796040166
0.758271192923185
0.758597011510695
0.760299969239537
0.759946190450253
0.755711702673627
0.75742673740717
0.756781689626485
0.759997573346207
0.758093491070017
0.757979482271384
0.760584582646338
