0.964878854338817
0.965319711444328
0.965984090084976
0.963448497649705
0.963013389330847
0.964578132980119
0.965706056719051
0.962263616926356
0.961770633212974
0.962088243495367
0.964032486086576
0.961923099573967
0.963214804313489
0.965970286195801
0.962179909697618
0.963249380184672
0.965660565956002
0.963045835090267
0.964008869221757
0.963266459070462
0.965839185296707
0.961510800042072
0.961024923579652
0.962084358070621
0.964378157351807
0.966008484848799
0.961606083389953
0.962664289140791
0.963410015894074
0.96272806919958
0.961985089460624
0.963906270450526
0.96636371102862
0.962131484197177
0.96340060066399
