0.845201696517936
0.91837405884791
0.871568976717869
0.89075905208186
0.873409382192672
0.876625238333662
0.86545965174012
0.848381049759441
0.881428075557605
0.883044560856403
0.89649991194173
0.872577263293542
0.874033476864132
0.900130173421242
0.884948338753204
0.888951054000918
0.914164952660868
0.856461296779883
0.895289439281451
0.886437500478127
0.874935348432086
0.881964706263633
0.873981833418459
0.875532641492917
0.9081807641034
0.887539100100622
0.874573758565439
0.851227583778038
0.888512599244226
0.862281749508218
0.888645939962039
0.868446433254851
0.88823701453083
0.870613039235221
0.855581782673381
