0.0594229148251073
0.0598999577740301
0.0505658991074803
0.0411346827767302
0.0361493723111202
0.0544378729524454
0.0371879173224803
0.0407345976664678
0.0485955842773058
0.0352003537682833
0.0485574903360519
0.0368373554286319
0.0567720043935613
0.044626988838647
0.0243714333553647
0.0401119294768186
0.0342684388127673
0.035678347556182
0.0383728976980754
0.0427940545546931
0.0601468924721257
0.0324229912620408
0.0917684388916651
0.040724631405812
0.0272542763163306
0.0575013272872821
0.0308118604210549
0.0377917855208279
0.056720736646445
0.0338880880655411
0.0932682433951077
0.0389275324339825
0.0615904498409524
0.0369884122496953
0.0609339917671511
