0.996283858536913
0.994718149333175
0.99610314687741
0.996412917208955
0.996156839604178
0.99488741173517
0.995833589867352
0.996041405486162
0.996274279778612
0.997046912038127
0.996479016585487
0.996325474235782
0.995884668072397
0.995881886328657
0.9963829592429
0.996066660847807
0.995126530640947
0.996127291185444
0.995396198227107
0.996762283164165
0.996531097395321
0.995908983831873
0.996508635995137
0.99652448648698
0.993253755951436
0.994033811371988
0.996542031484856
0.996838236918967
0.995114674758742
0.995901821662471
0.995953251404246
0.996469838680781
0.995825213841475
0.996636212001514
0.99632766904718
