0.724992261780795
0.729092508681349
0.73320555286798
0.720466227538512
0.723903617308007
0.734233878172004
0.72006660420695
0.718850374046079
0.721983869174196
0.715473366814164
0.724658226548963
0.725835255388638
0.727394658684261
0.722278731863187
0.705852340462065
0.728834887343004
0.723202047239841
0.719859574049891
0.717934556683078
0.726829872415731
0.730360863547212
0.724831136718964
0.717080940896236
0.727290904927342
0.721486757003264
0.732300753565757
0.735893389966036
0.716589685065852
0.723059476936125
0.734571330038269
0.732624169181374
0.729952186686476
0.729723144487795
0.726077193131433
0.72864522968727
