0.856033419730752
0.804285227328075
0.87483956530026
0.843325115528226
0.817103762074911
0.866566024296307
0.828125216585091
0.869768989684181
0.843418026178742
0.855274769428292
0.789617900485768
0.850007601796253
0.867163609717627
0.850335595839757
0.862057564278534
0.821705186625173
0.817463095772395
0.848919028183926
0.850371110150105
0.818330706799692
0.86348797349358
0.845468005416472
0.818969920205052
0.83360557005339
0.821448354483152
0.823847324391072
0.824842574907708
0.853516936507922
0.841259251305485
0.771395903641515
0.860916546750725
0.821715373061258
0.851033970832989
0.842339563225585
0.843875455465782
