0.929169999174517
0.92669978816581
0.929326438043945
0.922794795177135
0.926010596824197
0.929037509287221
0.91913863419278
0.930210472075921
0.912775952461746
0.917224686994501
0.922926187926769
0.923887483246972
0.926209220931584
0.927079372390322
0.917953335184061
0.922093064056484
0.92384376401879
0.927210250563475
0.931854578219848
0.921754137989619
0.928725416032417
0.927589898708926
0.924370208703815
0.92440726055376
0.930405375195233
0.929989556363748
0.928548613915555
0.925832745642209
0.921038989723643
0.926134482807378
0.923601452610084
0.927298521819618
0.927554458324944
0.932538063189638
0.923893795364612
