0.895323020439552
0.888253055322709
0.895365345952687
0.893746612848208
0.903963902862589
0.90329086704591
0.901200227596152
0.89486982231324
0.926210441942426
0.907611561919808
0.89607239443657
0.900249706938337
0.899148500490868
0.893689390606975
0.905292113890899
0.900041045609282
0.919789053516929
0.91355858154314
0.911607593698172
0.889371378500806
0.888014700115258
0.903814729754956
0.899856878472229
0.899745224602707
0.891844573992222
0.89852443333064
0.902042690598799
0.896825124133027
0.897943456517898
0.89409789605025
0.913682410507476
0.896939380540732
0.917422195178459
0.899840810736026
0.894661140549755
