0.959299011136565
0.963979206666193
0.964012401959246
0.964204684077195
0.964251860122624
0.964525106424838
0.964135510194534
0.962663724466799
0.965200885394267
0.964549568966294
0.964014550622675
0.964962639945981
0.964645519908359
0.96512545678683
0.96237024890716
0.964290651503636
0.963825186810474
0.963674823129043
0.963859449758129
0.96521354327287
0.963377832123123
0.964041436808052
0.962594903556663
0.963091156719616
0.964494126598778
0.962749065284252
0.963507137739417
0.963380165485344
0.964999966789719
0.962899318295669
0.964735562760785
0.965332357748852
0.96229727963339
0.964515966469196
0.96493204435474
