0.570463340457656
0.564983772375827
0.595735459262781
0.570260578250689
0.571698435954041
0.561580330208481
0.558918311264747
0.573320419314234
0.55892719619623
0.57781709341801
0.56443078400018
0.596554439989229
0.585124158246371
0.587719044895891
0.565864210900025
0.569348812190357
0.585105501416402
0.555044594544726
0.591659066639734
0.555196250360935
0.569305900776735
0.587522980094649
0.590784421573319
0.557044724321809
0.562406977148383
0.589033887174613
0.592637699337761
0.571355720555033
0.581134455937151
0.590799792175154
0.592284838134804
0.565022572256073
0.580404603178978
0.5656276304879
0.585384651613803
