0.792445360534947
0.791587104244976
0.791164683396801
0.790876224840792
0.792131871087646
0.791110028208324
0.789965748950384
0.791940311003984
0.791332557488537
0.788989524410531
0.790961844913782
0.792125121490162
0.791094169392148
0.792433203620706
0.792380405559252
0.792334557455624
0.78941098039232
0.791916654091471
0.795085111912248
0.791842714802652
0.794782388835079
0.794835677336185
0.791130367762646
0.791336907749824
0.791371497671249
0.790902579670009
0.78985981211739
0.792116218007168
0.788114723459536
0.791994820117327
0.791515381056847
0.792485128783969
0.791718023505869
0.795746969693025
0.791603796920535
