0.757716073021176
0.788728597464142
0.790680577928447
0.785614492462552
0.802152583979021
0.764309062312926
0.760877759659533
0.793144728754285
0.771616375199465
0.756958005081882
0.750059311307179
0.778958007928171
0.713810758574975
0.743095410846755
0.779972067217412
0.794387805882529
0.784156775264889
0.779118489904909
0.788908326248915
0.768556836312195
0.744237278177908
0.793724233805368
0.762657449312227
0.789808228320055
0.789809601048522
0.771295279390152
0.798857322902571
0.788375860886983
0.757774471513034
0.777047236810954
0.798533311998302
0.799333703747062
0.784861588232452
0.757806668927728
0.790420550614552
