0.995733659088613
0.99522191568018
0.995049180678187
0.995061750936973
0.995139367540771
0.995787613121691
0.995371664873223
0.995495709141974
0.995296888333291
0.995754676350948
0.995249832116915
0.994982495942552
0.995343304127378
0.994995491300898
0.995148045425829
0.994967020950345
0.995316967017307
0.995198617032544
0.99504507505934
0.994814720023011
0.99454443328114
0.995458818487892
0.994903174272667
0.995800031494369
0.994765408828106
0.995319032877398
0.995162133095854
0.995171493507972
0.995654468138562
0.995204999447753
0.995556009919127
0.995175268152264
0.995211464412493
0.995159909364597
0.995643805616111
