0.509618411511456
0.595197367041261
0.667193803295792
0.49877264400234
0.510915133580865
0.596109186243559
0.602836985515681
0.52526466045751
0.626148264261346
0.551449490781917
0.571824199725024
0.617362075386174
0.528151345770744
0.528202418198612
0.690077762585782
0.544968323070088
0.695006401556532
0.61314481083268
0.672583414282919
0.530986712381904
0.63133679502361
0.531211568180391
0.609347392865285
0.730961512787499
0.481417374482302
0.612792110368356
0.585698567012476
0.608216684814474
0.476603490344095
0.46740465907133
0.611545458881862
0.551285761750241
0.647935854475828
0.56638715058623
0.601373943895793
