0.796611154536299
0.689609312381367
0.795791237651781
0.757320967224496
0.681781876053519
0.771983454999254
0.715739746475311
0.791897812356296
0.732947372375007
0.766961338423345
0.649115478613088
0.742821076759717
0.791189686639241
0.75501133467302
0.786574675877894
0.693833312153198
0.663055578274623
0.743026147891022
0.74341333555815
0.691597050030199
0.757517016078431
0.737405910702189
0.716909252334996
0.712526604987939
0.691561751545457
0.709176649908519
0.707968167252169
0.821243651501274
0.744231051135565
0.646746062895107
0.765591612968048
0.69496893806355
0.790734817090488
0.810421407593553
0.727660399543654
