0.991035496613133
0.991291854814514
0.991537842305192
0.991326666431963
0.990462506480266
0.991573698279466
0.991195336328276
0.990064488143832
0.991151853075105
0.991521079131701
0.991149940735245
0.990909746771727
0.990315342744215
0.991097723539155
0.991470773076232
0.991300089972877
0.99129163271299
0.99135959368883
0.991392661836809
0.991080086801414
0.991268509774347
0.991114953303135
0.991172263221168
0.991324123490768
0.991102687491078
0.99053462710797
0.991075131663301
0.990972721361856
0.990996990398293
0.990968612088126
0.990991834578888
0.99078005382785
0.990796683256072
0.990536066988607
0.991053047786883
