0.764900182857698
0.758952242741192
0.76377168442409
0.76890587967703
0.757334418458453
0.778882012357743
0.766547753058266
0.761948804880212
0.770413174295771
0.766873992541744
0.758522734238737
0.768279498970285
0.763011588274106
0.767141673966728
0.760906571341496
0.772228454412858
0.758883620782949
0.766435116551883
0.7660270903586
0.762769943517556
0.759141986723129
0.76449142107925
0.763152478991971
0.76598596058497
0.756795744654301
0.765392101868911
0.766796434111675
0.771672171475264
0.763825340607881
0.768817611820752
0.772225292727876
0.764011747477981
0.763830884221569
0.760660068475455
0.761621511019299
