0.941911245618843
0.951621765428877
0.93543029520849
0.943235025336849
0.936753070803746
0.944195716807015
0.947999425809853
0.945888955187204
0.952187535828763
0.946982882669955
0.944453412432044
0.942073882408104
0.955423389535057
0.939280567586964
0.950749063284448
0.944501567983279
0.945303597826029
0.939292388027628
0.947092172183001
0.94796751900401
0.943842734754062
0.948134116551241
0.94804180127575
0.94558693330337
0.950370417214523
0.946285190011688
0.943248576216359
0.941534991148231
0.932768148566681
0.944853562475857
0.946243985386777
0.941376819856437
0.946793030296481
0.95006906533914
0.940174920411129
