0.963658706042498
0.963846013272009
0.965503653852394
0.966658911429454
0.966682856474164
0.965470300262415
0.965915762065566
0.963202046344334
0.968830886573194
0.966281590677005
0.9651139971485
0.967091911601054
0.962546568732121
0.964030635914448
0.965834418093269
0.964111189847711
0.966145689548684
0.96554306067942
0.964818084841153
0.966065621807448
0.966211533500163
0.962095127751771
0.96474492622845
0.964948392041142
0.968536557605751
0.965289758598041
0.965255011890105
0.96560742448675
0.966886916894713
0.962433861879556
0.964508151536766
0.965321472552116
0.96533551807169
0.965062555312845
0.964487545685067
