0.99580798448293
0.995807896040857
0.995807976455336
0.995807842573271
0.995808632704735
0.995807999612781
0.995807865360245
0.995807912909937
0.995807937010058
0.995807717141251
0.99580785495953
0.995807992357383
0.995807845658129
0.995808036842972
0.995807866963815
0.995807925135678
0.995807972836179
0.995808113964418
0.995807950920846
0.995807980062863
0.995807932566293
0.995808051422531
0.995807774576918
0.99580770431658
0.995808133596978
0.995807944016444
0.995807873644937
0.995807941208437
0.99580778093013
0.995807953421107
0.995807818919015
0.995807908699032
0.99580799024917
0.995807939834156
0.995807852764966
