0.992907707863453
0.992908056006536
0.992907804735527
0.992907682016846
0.992907705170972
0.99290795231828
0.992907809409612
0.992908263133848
0.992907881728174
0.992907733645407
0.992907766237175
0.99290769794715
0.992907698546131
0.992907723382286
0.99290782449931
0.992911189539262
0.992907895375074
0.99290779563211
0.992907801151787
0.992907928805899
0.99290780845556
0.992907713048793
0.992907920850156
0.992907777369862
0.992907804175423
0.992907875302026
0.992908058534355
0.992907785630645
0.992907838130969
0.99290772025836
0.992907728219033
0.992907870922951
0.992907744465842
0.992907696035411
0.992907717856551
