0.800707048241357
0.81005872210824
0.804065777695641
0.803824898306973
0.813584116635253
0.812204995944628
0.810657362894039
0.814503980401904
0.803325811589788
0.806011566562108
0.807265258425723
0.806704713431392
0.809315295954441
0.806808916654018
0.810102484715226
0.815671673579138
0.813326393331629
0.796560183711439
0.808453723953491
0.810703036238264
0.8236414649637
0.819123784193978
0.813926812454678
0.801281235118973
0.820168266397125
0.806910824947425
0.795657571635693
0.814727645607305
0.812420378890027
0.818677979130097
0.809184238811785
0.806514084054852
0.800639308446234
0.803294623840182
0.799706380903856
