0.857158450900853
0.859364816379772
0.865427290724541
0.860649243423278
0.858943855921
0.860150112602549
0.858889120028601
0.863011756435442
0.856302814402053
0.858291905963845
0.864891795911289
0.861785712738033
0.868232190349228
0.859315103268973
0.858842910247925
0.857203959373733
0.862197856796843
0.859057649872409
0.861037563529088
0.865231825583452
0.861607012535435
0.857016903846153
0.865963237852985
0.859140241671422
0.858301165649248
0.860998227584933
0.861473276770362
0.858618588107787
0.861551180216535
0.864025913678442
0.859579099254311
0.860903120080098
0.861309506277326
0.858976978178783
0.861861529678648
