0.840803156968484
0.724862712918504
0.842053687054917
0.839313359570364
0.84013034258643
0.840435395449003
0.83957283024476
0.841287062780539
0.726217843798998
0.843663323126301
0.798231132201323
0.726634123527137
0.833499669256376
0.840896942793118
0.838020841289317
0.84112775586608
0.84000993155718
0.842134651856149
0.726347567125514
0.726524524308226
0.726435509937562
0.842899394344631
0.846165429634812
0.841427440238033
0.837787470968085
0.840760002849366
0.725503931609209
0.83944887968777
0.726603347945378
0.838292734819156
0.838079689199129
0.840563198198493
0.83347657705387
0.850209294945713
0.807978848614585
