0.950034919581858
0.950046031266328
0.950055736230731
0.950053129603314
0.950062245298251
0.950060763815886
0.950041982279
0.950036471840717
0.950057548258329
0.950045213840143
0.950053920838137
0.950049317620838
0.950033436928876
0.950053219360539
0.950044298068659
0.950052318518703
0.950046902619133
0.950065582171415
0.950038114197949
0.950049463564201
0.950042828344459
0.950049376760456
0.9500508956876
0.950056940643747
0.950052942927749
0.950076483964006
0.950043105300524
0.950032964262408
0.950069434127569
0.950047903552392
0.950049155759135
0.950050092684311
0.950058336200911
0.950060181557362
0.950066765539913
