0.989443416077996
0.989443653867505
0.989443415427938
0.989443418477825
0.989443453134046
0.989443483637699
0.989443378427029
0.989443479065247
0.989443554399452
0.989443515960774
0.989443364175151
0.989443471304667
0.989443477370711
0.989443516811351
0.989443519362401
0.989443408648192
0.989443485219927
0.989443387774878
0.989443497229673
0.989443664310004
0.989443523254951
0.989443391487895
0.989443412460845
0.98944341323414
0.989443499886742
0.989443499671642
0.989443464998909
0.989443382409628
0.9894434509834
0.989443308981173
0.989443419568306
0.989443346291189
0.989443504951648
0.989443468059489
0.989443931982174
