0.978482570164487
0.978482112757883
0.978482139457927
0.978482559614423
0.978482382321291
0.978481847935697
0.978481777075966
0.978482306519278
0.978482291441048
0.978482007872864
0.978482360718606
0.978482381029218
0.978482481537048
0.978482083930503
0.978482263620833
0.978482369703969
0.978482027750866
0.978482608904726
0.978482527031823
0.978482233420319
0.978482492933097
0.978482296459979
0.978481863849722
0.978482203206629
0.978482321232984
0.978482444799401
0.978482717769196
0.978481964183492
0.978481985270474
0.978482312246288
0.978482470355629
0.978482456602632
0.978482389321131
0.978482400825602
0.978482612875724
