0.989929630534232
0.988837414160783
0.990218666282389
0.990725416343139
0.990052144872669
0.989995701467139
0.989802776009223
0.990123724755494
0.989959271782647
0.989115778437828
0.990461971594237
0.989325016486989
0.990317592591603
0.989962245580237
0.990549444285872
0.989790831267543
0.987935868252437
0.98964869578466
0.987508838163658
0.990056509494446
0.989694362722256
0.990310694456374
0.990175691096706
0.98902750588962
0.990510175501828
0.989404786320822
0.989516823410962
0.989028295200403
0.990050297232502
0.990080512407796
0.989953795947616
0.989680136530945
0.990092218563938
0.990483577473299
0.989651973915175
