0.995808098355767
0.995807670339288
0.995808015865031
0.99580763274689
0.995807717846231
0.995807611282862
0.995807593666494
0.995807970456093
0.995808032648143
0.995807709089996
0.995808014285369
0.995807937269577
0.99580790816788
0.995807884793373
0.99580738190314
0.995807824284657
0.995807946666049
0.995807908007953
0.995807567981823
0.9958079049918
0.995807671116238
0.995807733937778
0.995807535167722
0.995807832111549
0.995807682305293
0.995807587658776
0.995808089643132
0.995807694296544
0.995807496975587
0.995807686487783
0.995807671272016
0.995807494111947
0.995808008593551
0.995807979306861
0.995807925356679
