0.864531117625809
0.864547309306509
0.864472328610206
0.864737878212735
0.864650011128521
0.864492516019888
0.864505061896006
0.864486569613059
0.864672866424303
0.864801241155202
0.864694719299274
0.864558808863524
0.864799502971941
0.864656918471721
0.864601766262655
0.86460553548758
0.864886786084634
0.864895648207173
0.864691777301877
0.864511508087175
0.86453103676004
0.864684487257543
0.864505716301664
0.864495805233032
0.864563600818663
0.864839264601243
0.86460593468084
0.864617398772356
0.864540352150629
0.864639098149878
0.864523270839749
0.864503215449311
0.864587497585971
0.864420184911355
0.865037553465139
