0.913853585906976
0.913868863229977
0.913876569171807
0.913857016620932
0.91387925597401
0.91385643080387
0.9139408510797
0.913863724799842
0.913865736159724
0.91392550473034
0.913847743164262
0.913894541113484
0.913860676977356
0.913887058579201
0.913855212283495
0.91385721299787
0.913876977888223
0.9138544800911
0.913861129568784
0.913874579309183
0.913863592150294
0.913895650122262
0.913866068111954
0.91386412285524
0.913864783506438
0.913869167253149
0.913849756156422
0.913871695965459
0.913895665591213
0.913865150472621
0.91386191134549
0.913846157577631
0.913897766636331
0.913880479149963
0.913866172604388
