0.986049061132474
0.98634649807887
0.988252749956077
0.986163251032605
0.986019595780715
0.987265922391729
0.986160029545497
0.986999087421791
0.986510491618677
0.982132611310075
0.985117398434605
0.987405034014404
0.986868624237043
0.98777336025312
0.987659497301285
0.988007254157742
0.987263595652589
0.989101440157052
0.988063839413004
0.986394889396512
0.987581442237759
0.985347310838674
0.987610520094729
0.986471059641842
0.98697570876109
0.98718999066529
0.986331223105248
0.987871588425539
0.983814344859708
0.986630148282727
0.988079390220413
0.98110576422881
0.987953107698767
0.987794382972275
0.985391682195791
