0.978481656288296
0.978483146337314
0.978483067802854
0.97848226816437
0.97848279883351
0.97848168784503
0.978482162973911
0.978482236536155
0.978481604597117
0.978482355985918
0.978482130730928
0.978483241591601
0.978482679647017
0.978482154090884
0.978482337950201
0.978482392635282
0.978482068753571
0.978482693599301
0.978482210067089
0.978481944150908
0.978482554325606
0.978482365576319
0.978482128704015
0.978482283037952
0.97848174893462
0.978481878310264
0.978481981378965
0.9784817544857
0.978482081952708
0.978481629292101
0.97848187724894
0.978481738191082
0.978482488085965
0.978482622267691
0.978481978221509
