0.881517524096886
0.921036870342602
0.89362848240802
0.926754840519717
0.929545962860882
0.945126771102964
0.916812891497397
0.930949906372144
0.903181712967501
0.917944159626873
0.915927714427124
0.919010262118158
0.90098084285733
0.914115753583229
0.907884678723192
0.917011388988552
0.925598311396539
0.91881814325764
0.913977354245226
0.917270462464677
0.941538603862346
0.906304085863324
0.919716604911125
0.946096406440745
0.93995608552099
0.935074598383073
0.945387237140612
0.929678165635017
0.930387534506169
0.95112813965154
0.893126186678192
0.934737710141601
0.900291448078545
0.935067018116246
0.915839496886754
