0.96930917343724
0.963183846425541
0.950578809298143
0.9412499672797
0.956014164194026
0.794877124327387
0.79488465379358
0.794897803796537
0.96305682354983
0.962816814561835
0.953142234403464
0.953346178779175
0.79468235627935
0.95394344099278
0.934204238114672
0.964928995006783
0.961705242651692
0.96101373844824
0.794920523635257
0.924657941626277
0.924451949834659
0.960655385315196
0.948845384209493
0.958727179660456
0.794927327457176
0.940899496406352
0.794878180585929
0.969272964963334
0.969138520581244
0.794879537809478
0.961033230257865
0.963117217913214
0.964951892484314
0.967570248332973
0.794901324694655
