0.864456811964072
0.864567166880127
0.864523190327589
0.864507412214631
0.864729284806298
0.864566809725138
0.864522287881256
0.864482942780452
0.864482839841345
0.864484717570696
0.864506581358642
0.864748008324206
0.86539629284941
0.864833334169235
0.864522363747286
0.86464885265348
0.864768956530943
0.864458215807985
0.864677531583529
0.865467182128734
0.864471717360995
0.864825221470811
0.864501759379786
0.86490888478328
0.864849200559779
0.864538039421558
0.864508462488989
0.864541973206856
0.864470973941083
0.864480773706074
0.864605987966728
0.864681790775787
0.864758172112798
0.864492864819331
0.864738798036223
