0.987658667408274
0.986908554830194
0.989178455162122
0.986609665223876
0.986795069875808
0.987842366002498
0.986880106880095
0.987892462288546
0.987296313146827
0.984295027581316
0.986658582619958
0.986792866032198
0.987526964147559
0.988335451945744
0.988348927585415
0.988479220506124
0.988512274468106
0.989793128414419
0.988386197161463
0.98790018841898
0.988641546489004
0.986441748299084
0.988272587182335
0.987804005252598
0.987901231141896
0.987897143724363
0.98706658253512
0.988994567818563
0.984326276872978
0.987294375958636
0.989023610412033
0.984099813165992
0.98837890085431
0.988464844958351
0.986266390951798
