0.624028102189781
0.623907844890511
0.228613803191241
0.260381792106569
0.11159197080292
0.347865912408759
0.510948905109489
0.777220650072993
0.334343641074453
0.723512403607299
0.756050563375183
0.153496423357664
0.631316569524088
0.381719001935766
0.345437130249635
0.623995547445255
0.313085693430657
0.543239682087591
0.62398802919708
0.344510726475825
0
0.343212296026277
0.631264598540146
0.631322700729927
0.77726024669781
0.016370802919708
0.631267883211679
0.39122102189781
0.142148596017518
0.609420785372263
0.784550801959124
0.401086715328467
0.280617245751825
0.623985839416058
0.791823668563504
