0.898555813693882
0.898553108598423
0.8985847221071
0.898573932962426
0.898614264121218
0.898580551862541
0.898597231534921
0.898594436871853
0.898567768832647
0.898596760655853
0.89858790786358
0.898569966548055
0.898555555249373
0.898579433193391
0.898627499555565
0.898589305051581
0.898598192783198
0.898613216544612
0.898590722628262
0.898567160540574
0.898567433074533
0.898560734934534
0.898575208536427
0.898579182983693
0.898605902070034
0.89857923423001
0.898574714992015
0.898602855104642
0.898588061019978
0.898601009029651
0.898567095044243
0.898556950700883
0.898594567538328
0.898548109422378
0.89855674294436
