0.903656157904372
0.909736805387524
0.898903802774493
0.899689214366277
0.904915772275282
0.898435466547695
0.914130783762855
0.905156502689242
0.905018139962214
0.909381730543509
0.906812976653806
0.904506769554369
0.903062827232688
0.901988695915498
0.902302406353333
0.906124044629403
0.897092162217624
0.905531814781177
0.903927001265223
0.91132723990736
0.909171574914797
0.910587168207771
0.901099472004271
0.905792429268507
0.899947736723062
0.897917840316051
0.912383250924936
0.910880386347054
0.912450707569245
0.903348571770144
0.899489448755673
0.910670936476834
0.904756727561345
0.902978494865827
0.906266144499898
