0.776499232074615
0.779177385282731
0.78064462032412
0.778901411398823
0.779413762060772
0.776087183622766
0.780834959991783
0.777246639244758
0.777980252628528
0.780731640359938
0.780924697660368
0.777552582747612
0.775236730255285
0.779918713130769
0.776829888082517
0.780469998531964
0.776222436304296
0.777111491073988
0.781460103053186
0.775776050170081
0.775558154362551
0.778548550158833
0.778035701365234
0.780106741058721
0.776497691809555
0.775672599266512
0.776629003494191
0.777485036336239
0.778870325043933
0.780010492236378
0.783981306194686
0.779179880299693
0.780403302610483
0.777782386453318
0.781468402880537
