0.992907696218469
0.992907680679776
0.992907778857847
0.992907705046398
0.992907887509705
0.992907914882215
0.992907769162831
0.992908195526552
0.992907827115672
0.992907676777361
0.992907746118855
0.992907651380736
0.992907687055019
0.992907691091529
0.992907785058118
0.992907850970899
0.99290788963318
0.99290776407488
0.992907779482492
0.992907954613094
0.992907800980449
0.992907675465758
0.992907900741415
0.992907693323999
0.992907786929459
0.992907778388793
0.992907732230865
0.992907776150069
0.992907895623715
0.992907691506634
0.992907705228921
0.992907831439896
0.992907719169282
0.992907641412204
0.99290768387244
