0.796693099330691
0.797194992701609
0.800665957254326
0.796919911877786
0.803691677346069
0.803851790591878
0.797217267321278
0.79698357205553
0.797367793084074
0.798146044321058
0.800054378803521
0.803672041313566
0.800230561054836
0.797021226034507
0.798360584626967
0.796873203862506
0.797359572710574
0.799573364333274
0.794724347111049
0.800412630527034
0.798708910875205
0.796159207175011
0.797079827846246
0.797204577185599
0.79711832157582
0.800556181756488
0.796554119890836
0.797137412849102
0.800417999398353
0.800615050182715
0.806416448925032
0.796250572934714
0.800293324250515
0.800549164547049
0.797275755774747
