0.967899594344913
0.967978731099401
0.967295579838081
0.967792259957267
0.967905016104877
0.967338177573166
0.968270165923043
0.96729812287685
0.9689888749928
0.967794643892178
0.967786948822743
0.968304485250635
0.967793386427363
0.968182564976204
0.968528984891155
0.968061109483945
0.968535555339235
0.967789403276727
0.967490850301202
0.96785179327157
0.967786599013716
0.96778945049663
0.968414153629256
0.967866995088841
0.968256578280012
0.968423580815774
0.969116128937619
0.967956706058844
0.967790114830727
0.967297579647769
0.967772679310766
0.967346926765341
0.969799642876115
0.967909707668477
0.967294203148317
