0.989444084590086
0.989444040567973
0.989443327811745
0.989444052278505
0.989443600709157
0.989443549589453
0.989443421687459
0.989443990127015
0.989443448588847
0.989445686968599
0.989443548317508
0.98944326175018
0.989443578727814
0.989443552514194
0.989444298485743
0.989444555074684
0.989443819557624
0.989443493124685
0.989444082304967
0.989443321344897
0.98944375568835
0.989443524790588
0.989443620669144
0.989443851235375
0.989443656612432
0.989444589918447
0.989444801248215
0.989443689575248
0.9894435521829
0.989443774171492
0.989443716602488
0.989444361774728
0.98944375114454
0.989443657153621
0.989443764239137
