0.89863415449582
0.898597770354758
0.898729670921156
0.898609605893972
0.898679170224118
0.89861442136949
0.898734642564193
0.898634438090833
0.898637338592954
0.898740484051733
0.898708779980346
0.898826499313477
0.898688271140329
0.898675350511722
0.898633636912716
0.898775616355941
0.898587696627825
0.898574141460083
0.898599900645124
0.898603742472743
0.898584367973399
0.898626019900096
0.898701359174125
0.898587381773585
0.898618348809977
0.898637731060752
0.898700842126883
0.898706967322165
0.89856512174806
0.898648468686909
0.898572448129798
0.898688245309907
0.898686862481686
0.898675756180125
0.898617846854522
