0.991578904095089
0.992406018909372
0.988498866152862
0.987075773232587
0.991191087278046
0.989881424974431
0.989995037963353
0.982591685845548
0.98626054639214
0.983761448350898
0.992295367776327
0.985678594512562
0.992563904114874
0.982901970764656
0.990383016766597
0.988367498734885
0.983631873213396
0.983060014083024
0.991142078806041
0.987832984261121
0.983640674374048
0.989211195810349
0.990194264857542
0.987543424958979
0.985432323802374
0.985160050050894
0.986806197003677
0.987052437306954
0.991257535138054
0.991361942486424
0.982427318428297
0.9913051660531
0.986787919116615
0.984991550463072
0.983628813014331
