0.989948390152903
0.988513279357983
0.990131135500591
0.989970718858693
0.990063201254637
0.990054472204313
0.989226557459921
0.989894037483814
0.989642687310243
0.989684761302835
0.989970448947485
0.989860597935018
0.990181911148946
0.989789887617106
0.989708002654876
0.989714828319807
0.990193786776771
0.990951827552373
0.989664548912743
0.990342604892262
0.990414035874962
0.989854125081711
0.989644279331914
0.989887710883217
0.989385517366935
0.989583967314878
0.98934585576944
0.990710768901352
0.98848528606723
0.989891221320788
0.990356060023658
0.986899757884266
0.990087624028
0.989888444573461
0.989249974863495
