0.898625007979734
0.898603932980049
0.898591277043828
0.898583278327854
0.898627737987042
0.898586463465249
0.898628036430525
0.898588380961573
0.898599607984381
0.898584384180036
0.898625193182375
0.898685819567177
0.8986333945772
0.898657819430575
0.898597000316079
0.898644494140529
0.898577149796803
0.898567281001592
0.898585198866076
0.898602933191098
0.898580169254402
0.898614360858808
0.898623865194604
0.898579077190264
0.898595406809318
0.898600515561986
0.898625170171962
0.898634772824386
0.898561697285367
0.898619215245963
0.898546293646032
0.898561785604772
0.898616145388273
0.898564683957853
0.898566687011045
