0.505371377352123
0.215835623300444
0.535773496846894
0.269616798669078
0.17580126572467
0.15374453002839
0.387827533317671
0.543509607480018
0.552340260696071
0.277202285579334
0.210427700045537
0.194996840254235
0.168340316358134
0.169983088096431
0.174676151268123
0.274634147911319
0.189091991007156
0.310064393499301
0.555949046040282
0.49016313953012
0.151131704140788
0.481361685777125
0.164927973508437
0.177229389129745
0.152321024283651
0.145988375472889
0.185138374619601
0.554393043888417
0.184054342307341
0.183013499013581
0.304555693333636
0.516914566015705
0.488073834363184
0.351329310354328
0.402019294556395
