0.793470026469219
0.825871862883913
0.840242635980778
0.789519250200751
0.818970496097969
0.81338702517102
0.799329689118252
0.813360590240429
0.821826457621533
0.824955378310537
0.810089151192086
0.822783326334406
0.810035106432688
0.804421929985062
0.812369631264782
0.809643285337394
0.821579054838555
0.815742097435686
0.784771826694213
0.804091043341428
0.79592202827893
0.80273763560327
0.808563520763424
0.807463677209479
0.805569343684596
0.825937260975963
0.808839306975804
0.805957785267379
0.797784855526019
0.8197897910545
0.801810168411412
0.798317252944195
0.799133934498365
0.817910057832069
0.815963932808379
