0.989443381808281
0.989443561824168
0.989443300425581
0.989443414000463
0.989443448933238
0.98944354165464
0.98944354211831
0.989443452406188
0.989443435094177
0.989443479721524
0.989443445132927
0.989443428515209
0.989443487277886
0.989443445645474
0.98944335866033
0.989443632889279
0.989443329560951
0.989443435338908
0.989443396698463
0.989443931536169
0.989443458623594
0.989443469197833
0.989443531232469
0.989443505894535
0.989443412478535
0.989443692691229
0.989443468209061
0.989443462478621
0.989443578166533
0.98944354895023
0.989443531400106
0.989443405278952
0.989443564974633
0.989443509507753
0.989443363623598
