0.456184837602473
0.467567529608136
0.46797752704806
0.469347714525171
0.448688497392385
0.482192751792405
0.472042183959208
0.483757686933051
0.459769975698651
0.438518629387695
0.462465960153323
0.466231084630391
0.460840664975209
0.472843727177649
0.482743898752007
0.461814918299434
0.454777293669183
0.451867083573964
0.454078452117432
0.472854460334676
0.457657816635913
0.473536174014705
0.448195305976561
0.450357774662295
0.456480817847283
0.441242379627152
0.437109771672606
0.438365431677325
0.468061559381779
0.457648491802124
0.471767495128109
0.452094114205074
0.436600353477054
0.464774724327056
0.462395959244795
