0.989799377683882
0.988572617697457
0.989720923973577
0.990153727856612
0.989477110000237
0.989605553613763
0.98952012215934
0.989603364832547
0.989398605451126
0.988179248853042
0.99011806923695
0.988859130681941
0.989894675024992
0.990263827694467
0.990168595644758
0.989032594680209
0.987852861291678
0.989350296281081
0.989276278697318
0.989525605316495
0.989728957957362
0.989971028538476
0.989598922771139
0.987438649225698
0.990216406977436
0.989186460281793
0.989428981170835
0.988075117032899
0.989259660176899
0.989843397110412
0.9894846721953
0.989137585993052
0.989660832227694
0.990099837208009
0.989322660147447
