0.964760224542514
0.964760312711382
0.964759957806335
0.964751824978432
0.964760400559932
0.964760312437646
0.964760004527592
0.964760344990885
0.964760290876121
0.9647605155285
0.964760312449795
0.96476020119482
0.964759538658017
0.964760283877482
0.964756211821515
0.964760462812449
0.964759990437242
0.964760042411748
0.964760041684485
0.964760454174638
0.964758759164089
0.96476036557655
0.96475992680199
0.964760083765676
0.964760423047231
0.964743384012783
0.964760318346906
0.964760332523307
0.964760281309524
0.964760122978512
0.964760204525838
0.964760253806493
0.964760361187584
0.964760317758457
0.964760296155133
