0.995808045948918
0.995807771549241
0.995808008276291
0.995807922970247
0.995807875624829
0.995807807586415
0.995807767439984
0.995807917713135
0.995808095263788
0.995807766467428
0.995807929913175
0.995807966893265
0.995807982285467
0.995808051103776
0.995807792430698
0.995808637734382
0.995808033325598
0.995807893785414
0.995807666750765
0.995807826079707
0.995807880750213
0.99580806986279
0.995807700146339
0.995807862370915
0.99580783211409
0.995807741577809
0.995807960517758
0.99580773931721
0.995807730752716
0.995807902330948
0.995807763449923
0.99580757543426
0.995808010679524
0.995807983941957
0.995807862317284
