0.875635761461807
0.880033361677545
0.880307853203168
0.875635138889779
0.879431040040352
0.875637651792516
0.875643815458477
0.888933122792489
0.879563344631743
0.875687004254703
0.88399494852689
0.888732670034286
0.87566945462402
0.88030220314934
0.879508389470048
0.875648424865372
0.875648398269736
0.875635592598276
0.885040399477262
0.875635224882884
0.883391851607271
0.879482147666983
0.880027298994144
0.875638617062572
0.875631208272283
0.880297505491175
0.875642955412289
0.875641055778025
0.875646636919705
0.884265291711626
0.883776664775245
0.880037224991198
0.880026161199616
0.880336387045526
0.883849803933696
