0.964759644948876
0.964760292228868
0.964759704575294
0.964751204075023
0.964760141050236
0.964760251932692
0.964759943626873
0.964759811338601
0.964760232108319
0.964750317488215
0.964759653072707
0.964759962095768
0.964759492201763
0.964760287677113
0.96475427945596
0.964760038644462
0.964759327182962
0.964760074120789
0.96475973996923
0.964759910322364
0.9647165063174
0.964760381079113
0.964759689775947
0.964759881406126
0.964760455699533
0.964742883805742
0.964760286678469
0.964760833616711
0.964759529249826
0.964759748944959
0.964760249540989
0.964760234655503
0.964759802794528
0.964760228622687
0.964760174664998
