0.978482292340813
0.978482326990944
0.978482134584917
0.978482722032096
0.978482502586348
0.97848176262734
0.978482221560793
0.978482358267672
0.978481980145174
0.97848196313484
0.978482279431901
0.978482601256772
0.978482501718141
0.978482466786652
0.978482072613604
0.978482387183972
0.978481972303043
0.97848242773074
0.978482540655457
0.978482268136875
0.978482546563423
0.97848238361696
0.978481835705633
0.978482115411782
0.978482033400959
0.978482339017109
0.978482103495709
0.978482311814012
0.97848208602602
0.978482477238408
0.978482796777048
0.978482151269611
0.978482138740602
0.978482365468364
0.978482498218569
