0.913853851250579
0.913869194060459
0.913875936655644
0.913855295906329
0.913879499301819
0.913857518995109
0.913941010506765
0.91386250575354
0.913867672130842
0.913929031390265
0.913855945460728
0.913894370338193
0.913861410819951
0.913889707718431
0.913852820227361
0.913858493948759
0.913871982211649
0.913854738522656
0.913863794854673
0.913868068094215
0.913863786026502
0.913891182154012
0.913869618922816
0.913863160319021
0.913864804617371
0.913873369059634
0.913849558951112
0.913878601513165
0.913897805568554
0.913864598100007
0.913861890630883
0.91384683209631
0.913899503823713
0.913878591465307
0.913867896793987
