0.950042725690901
0.950047525515069
0.950059335415758
0.950053297788545
0.950066588001223
0.950060920829562
0.950043269000728
0.950048535194705
0.950059490931004
0.950049365358726
0.950053780872846
0.950050180376439
0.950041114829944
0.950054667578564
0.950045254824997
0.950055375951957
0.950047372834303
0.950066271948935
0.950039332905828
0.950055374960874
0.950042903285609
0.950051386984129
0.950047854246866
0.950056868264979
0.950054047646762
0.950096275089531
0.950044975301909
0.950033640726875
0.950057272628282
0.950064623593696
0.950051294137255
0.950049894661392
0.950059710891119
0.950060132664102
0.950069660524077
