0.415943048857511
0.439094678570575
0.416798134728208
0.443474337186214
0.40656751150902
0.439146796580254
0.418731382897245
0.420461004355443
0.394646479166507
0.417641029303421
0.415876693794679
0.417549852119227
0.431824800666953
0.434785626639104
0.446940955039338
0.436449956948234
0.42146212593314
0.409250144590999
0.413381413316115
0.434189208390633
0.408505693844774
0.406088504483263
0.44115671108547
0.430376105463254
0.420543469983682
0.430703513594629
0.418649054082524
0.409274580005935
0.421366422484784
0.411380601092271
0.425538265979761
0.400788973621344
0.41929710210541
0.424848434828067
0.416031631434143
