0.782804651337495
0.650245243973767
0.655712102138309
0.664303133665094
0.656310024116827
0.711430340723618
0.712173706039721
0.71648459783007
0.646593382135326
0.669281752270102
0.716467255963839
0.684496825087649
0.753686791600133
0.619471301268277
0.648054776541817
0.659330134073864
0.643388411535861
0.615193362103457
0.624513910699216
0.675485429880745
0.676587468218658
0.720674489574227
0.668576139735669
0.594566573626987
0.736681124717684
0.726923088251663
0.701892469693977
0.691758007985466
0.689672027525378
0.781935846796662
0.719800289983372
0.6152828182172
0.700798091540139
0.704211624078493
0.688821370916223
