0.987918752969255
0.987934462226491
0.987942636509308
0.987924982192356
0.987930938277178
0.987929095361369
0.987956024263992
0.987942674893469
0.987925399211691
0.987932418700319
0.987937471779999
0.98793325559409
0.987913611571292
0.98794893593108
0.987925704232199
0.987896790993572
0.987934132088908
0.987941684748064
0.987934712273091
0.987945648388825
0.987950799839565
0.98794423924639
0.987938275059401
0.987928753425913
0.987928099650325
0.98793663490301
0.987945095186351
0.987922866068192
0.987921796675942
0.987933995903707
0.987934635873104
0.987910924836681
0.987942703605258
0.987926929013362
0.987931349903115
