0.624028102189781
0.623879717007299
0.36385668439854
0.32309035640292
0.272951751824818
0.434306569343066
0.510948905109489
0.777242601693431
0.439763503649635
0.754009247842336
0.784523299258394
0.346715328467153
0.631316569524088
0.381744118452555
0.489426881687591
0.623995547445255
0.417491751824817
0.543186412664234
0.624002773722628
0.416715717293431
0.291970802919708
0.44693802919708
0.631271167883212
0.631310291970803
0.777248859836496
0.22992700729927
0.631285401459854
0.391222189781022
0.230954452554745
0.609291597712409
0.784572665331387
0.434306569343066
0.378068467153285
0.623985839416058
0.79182211249927
