0.991334069998887
0.992158595507176
0.988124844186681
0.986733641578324
0.991010564554968
0.989721558179801
0.981419179139457
0.982603329872624
0.986026340849974
0.983621670276884
0.992145292023739
0.985624030304715
0.99237620918459
0.982717446518598
0.990237824100019
0.988079204239916
0.982888056286309
0.983133982038602
0.991233428317309
0.987627306657955
0.983909514983889
0.989087353418359
0.990008515361144
0.987357377528178
0.985251163577429
0.984825496204251
0.98655185948478
0.986810700241554
0.990991155189815
0.991116302854432
0.982588123182411
0.990941348905034
0.986635775041249
0.98487371567118
0.983934164020086
