0.964759674712098
0.96476011968851
0.964755912461294
0.964750855857647
0.964757525350994
0.964759909191733
0.964759620576678
0.964759881124571
0.964760190243838
0.964749467285936
0.964755129824026
0.96475968521342
0.964758381923774
0.964760274754546
0.964754082661553
0.964759485087936
0.964759338657563
0.964759490197278
0.964653554371376
0.964740890083517
0.964710785394251
0.964759940530058
0.964759703907098
0.96475989310982
0.964760482809963
0.964742858820881
0.964760246795629
0.964760111403549
0.964759088258892
0.964759763093058
0.964760181893488
0.964760213670539
0.96475954397525
0.964760178249861
0.964760025918624
