0.89856746855866
0.898634592446214
0.898637292016954
0.898625272480291
0.898647482414334
0.898611544418722
0.898600593260843
0.898607092393277
0.898601192043401
0.898669324901778
0.898588039091886
0.898632279896242
0.898592774113159
0.8986217479819
0.898633773777631
0.898603193339648
0.898619038827427
0.898666280197929
0.898684989091538
0.898593068655371
0.898664809686975
0.898584365315665
0.898618380702093
0.89860777163645
0.898637864298407
0.898638179236644
0.898609137905763
0.898625485943562
0.898632664173032
0.898670248810118
0.898619726897127
0.89862326517836
0.898661078831888
0.898600818686974
0.898573552248411
