0.793598027504696
0.79355547613662
0.793595288945708
0.794803979829191
0.795749714256796
0.799454276979025
0.793503703105456
0.794944519615051
0.797431594401491
0.795036259871947
0.796791223021561
0.798304350820056
0.794691529157502
0.794957900860305
0.79366685092762
0.797854391854902
0.797614732390774
0.795140282716362
0.794798164015191
0.79700239433432
0.794473758857742
0.79542522506672
0.793471524212348
0.794919859626947
0.795634912343457
0.796234832003785
0.793607374014782
0.796745644338516
0.794760804430176
0.794760374873067
0.795536585663314
0.793491181081626
0.797638447561552
0.799990368587022
0.793460644161868
