0.967899832021272
0.967969721016147
0.967296538859375
0.967792244900531
0.967904764579611
0.967338208172454
0.968270209242748
0.967298219400225
0.968497267981151
0.967794635391518
0.967786467193295
0.9683046708275
0.967793481028047
0.968182352809616
0.968529157830303
0.967824055657227
0.968535638298536
0.967789438753134
0.967490712206516
0.967851971602793
0.967787000041316
0.967789652946414
0.968414938648877
0.967866866890754
0.968256964349223
0.968424582043682
0.969116055444038
0.96800107604689
0.967787986085488
0.9672977452566
0.967772726058965
0.967347132686275
0.969799324311292
0.967909963609171
0.967297002275115
