0.793595427541882
0.796180643248547
0.795907568287176
0.794796339730963
0.795860041238588
0.800462764248297
0.794618244309904
0.797523054681803
0.797425872753525
0.795217500276078
0.796614955325972
0.799546225436706
0.796567597929112
0.794827358249442
0.793695624527524
0.797170689040931
0.797469871888071
0.797840443650663
0.794744352874665
0.797983768639273
0.794039521655452
0.795432457099069
0.794926522114332
0.794873902730033
0.795191333730237
0.796976604237825
0.793834605786241
0.79684723998551
0.794811197599679
0.795411740279676
0.795931159605214
0.795206490218395
0.800189320909573
0.800736108590601
0.793459387660351
