0.969080574290066
0.963167002001808
0.950403561866032
0.940559634687484
0.955460976247054
0.794872838581431
0.794861391576573
0.794890375597139
0.963043346259682
0.962816854410204
0.953123726087739
0.953345862313522
0.794677295774989
0.9537992717199
0.93419990426743
0.964924614672623
0.961683027141866
0.961009657137018
0.794889730026475
0.924654898796407
0.924449525252497
0.960624101380096
0.948787983623973
0.958716379121334
0.794923440480508
0.94088707937666
0.794869276981092
0.968964251894442
0.969081672779517
0.79486974724131
0.961029916504135
0.963114460247094
0.964941565706495
0.967504401199345
0.794897486994055
