0.987854379377775
0.985814528515429
0.984365333333936
0.986333918453687
0.981222518283603
0.985771598814844
0.985863827074941
0.987792727194707
0.987299306603807
0.985296882832367
0.987478650272741
0.985123756730627
0.986417124223112
0.987765005164129
0.987079539925944
0.985342316190195
0.97656794150951
0.985881245603418
0.986810661188087
0.985483343919123
0.986994529447707
0.985515929753635
0.986279527809196
0.983050465995165
0.986771792634722
0.985579528515277
0.987101261660282
0.983928181132771
0.986880109226298
0.986651454861312
0.987233402799147
0.984438034587772
0.985755962014129
0.988379757932424
0.98543695571579
