0.79346457188709
0.825881196444153
0.840342563654113
0.789507788511089
0.818969169138508
0.813384847235255
0.799329475593623
0.813361215296075
0.821822800546636
0.824951277880623
0.810104934691536
0.8227851672866
0.810040433180364
0.804420055235447
0.812434317117892
0.809684400997605
0.821581609295437
0.81574382232791
0.784763525875458
0.804091402960215
0.796782246069096
0.807574071325559
0.808562384555063
0.807507580463334
0.802459295959199
0.825938205165425
0.808833796441728
0.805964999385469
0.797786860988419
0.819795773470731
0.801812059477564
0.798319495719804
0.799134958745723
0.817809886016211
0.815966353261467
