0.779099700080069
0.779838357577996
0.780730748641521
0.779329294434709
0.785904348555673
0.777874282235922
0.780760812518845
0.778319070487906
0.779351454714208
0.781859620318431
0.780511293882138
0.779370375007523
0.775917030873099
0.780588078289506
0.78003145120206
0.78161690855684
0.779371275256245
0.779492201474333
0.781002758223502
0.777518260014305
0.776769176435514
0.779579406636221
0.781221216306894
0.778598414160894
0.778829788875647
0.77646499006069
0.781374638899359
0.779557098638368
0.78045162514268
0.782194351641308
0.783701274566052
0.779649920439381
0.781157441058791
0.778165082606402
0.782290217761143
