0.978482520657435
0.978482270035055
0.978482282054516
0.978482641588371
0.978482382828718
0.978481898223673
0.978482103013041
0.978482298178039
0.978481942469952
0.978482091779835
0.978482262898874
0.978482647188375
0.978482460323558
0.978482264643539
0.978482064021032
0.978482406874433
0.978482050551445
0.978483138264908
0.978482507044797
0.978482206208651
0.97848253618983
0.978482330508349
0.978481927367653
0.978482158648969
0.978482016741632
0.978482444533223
0.978482210095288
0.978482300294162
0.978481982210541
0.97848253885411
0.978482593901766
0.978482333310268
0.978482457023822
0.978482377438396
0.978482612815789
