0.898586833599175
0.8985684660175
0.898552330100744
0.898614950920472
0.89856666920891
0.898599094393438
0.898579626196834
0.898584796676725
0.898584404926512
0.898574650079441
0.898606026453461
0.898603790651547
0.898629758702272
0.898587935044201
0.898563155387165
0.898596652493918
0.898547710613557
0.898596061297212
0.898584433425496
0.898574861552213
0.898553214994851
0.898578678692002
0.898600415855333
0.89857663017688
0.898649197667113
0.898564653469346
0.898603177129395
0.898556896638307
0.898577321556562
0.898594848955709
0.898590473397944
0.898604743085493
0.89856520299088
0.898626071256796
0.898602538654715
