0.898632649806115
0.898604248652849
0.898632898568893
0.898614813305153
0.898630623696794
0.898610088597307
0.898651289242325
0.898625765681198
0.898619037747128
0.898626229047278
0.898688860727022
0.898690831202005
0.898681512743913
0.898746138792485
0.898612918150792
0.898661497657865
0.898582653262444
0.898566833879178
0.89859679346003
0.898623118510116
0.898580362517093
0.898628172263386
0.898599261662517
0.898582236913169
0.898616960301186
0.898605265173829
0.898621911257999
0.898655818440174
0.898564408997158
0.898620199180148
0.898544918707321
0.898602029137529
0.898618092608759
0.898618100889822
0.89857243048003
