0.901992351723085
0.90729344228007
0.893041515790059
0.89618167810593
0.902544437899132
0.896245056615712
0.910535079114809
0.903431248736357
0.901877530515089
0.905855909111111
0.903228053980878
0.902158159858554
0.901535352013043
0.900202316971317
0.897749007259106
0.904635855543615
0.89614274103836
0.903520720293356
0.90111118439169
0.908526763903118
0.90705215668763
0.907988198820484
0.897461030067223
0.902953946973565
0.898983159189081
0.896181992324115
0.907774680286053
0.90767465270851
0.910024049309137
0.902426050029566
0.898265775212421
0.908077097148699
0.902529778679077
0.901940226155553
0.903737986771077
