0.992490113059962
0.992488953183186
0.992488409452455
0.992493042821816
0.992491631693689
0.992486234041714
0.992486413082539
0.992489315565143
0.992487012114568
0.99248936166018
0.992487753074885
0.992486465012368
0.992493510652578
0.992488848497866
0.992488384445052
0.992484812778272
0.992497594629725
0.992482153513667
0.992489884915281
0.992487163979448
0.992487772421125
0.992489346293727
0.992487637368397
0.992486439205078
0.992491900735071
0.992488240944796
0.992490022262459
0.992489975519867
0.992490861059185
0.992491923151752
0.992489410112611
0.992490167058411
0.992489752914958
0.9924849211
0.992487879507526
