0.779047949595861
0.778878489084189
0.780861363813641
0.780060413891081
0.784344479658522
0.777228955271545
0.78080472329697
0.778165218744102
0.777641502481913
0.781737729885789
0.782175723193598
0.778932498204822
0.777060488866897
0.780929816504232
0.779538276725276
0.781452670391351
0.778333269435537
0.77916199676312
0.781360645101905
0.776131081021017
0.77634519220243
0.779233846983532
0.779297484740102
0.778414075300673
0.778778186876382
0.776468446015207
0.779484339757877
0.777801987968595
0.780043673323333
0.781716136119401
0.783441611349729
0.780109404926412
0.780615697838185
0.778650606437849
0.781648281050339
