0.989444072740652
0.989443792178055
0.989443271599764
0.989443606301896
0.989443520596422
0.989443558697281
0.989443650375523
0.989443824767437
0.989443507438794
0.989443582314509
0.989444255899396
0.989443345723501
0.989443655852845
0.989443535609347
0.989443759273984
0.989443739508652
0.989443709846649
0.98944357061719
0.98944362589905
0.989443290081681
0.989443650234502
0.989443407199471
0.9894436002754
0.989443400266432
0.989443485830578
0.989443905772606
0.98944351729462
0.989444694259107
0.989443496460665
0.9894436391765
0.989443637291573
0.989443341379811
0.989443599676738
0.989444849981422
0.989443714199549
