0.987918651988059
0.987934962557004
0.987944482133888
0.987924746802559
0.987930907204342
0.98793775789329
0.98795599189713
0.987942839724212
0.987925320815751
0.98793227430666
0.987937795725391
0.987933224450002
0.98791360828573
0.987949098374866
0.987926725683629
0.987896449942883
0.987934034054972
0.987941497819348
0.987934784591374
0.987945607711337
0.987950939406019
0.987944163358419
0.987938233629934
0.987928532163531
0.987932061049284
0.987936368459809
0.987945710017475
0.987923260002325
0.987921835262082
0.98793394763165
0.987935106658293
0.987910888689317
0.987943006765548
0.98792678817408
0.987931225517553
