0.968115129747929
0.967979172073733
0.967305112142127
0.967792798571633
0.967907114356619
0.967338753992155
0.967777600073525
0.967300737019258
0.968498885615783
0.967794623947083
0.967791117970378
0.968305745139716
0.967326809773816
0.968178611199799
0.968528838641112
0.96782297422587
0.968536580446727
0.967789985753735
0.967498804600798
0.967358969770672
0.967792151615636
0.967790102626724
0.968416551737127
0.967868469558735
0.968262873594627
0.9684265212632
0.969116971013939
0.968087101428483
0.967297134077746
0.967298256730946
0.967797903223784
0.967349016383882
0.969402307933986
0.968062027496905
0.967297506871277
