0.991735871392361
0.991729715464004
0.991735726641762
0.991734408636041
0.991730669637533
0.99173538982048
0.991735351931512
0.991731433405154
0.991734524957893
0.991730343996007
0.991740011682346
0.991736072343607
0.991734171500938
0.991727854267797
0.991725590008848
0.99173213233958
0.991736696226114
0.991735358726207
0.991737851448464
0.991739488166544
0.991727583668303
0.991729114303105
0.991735192324059
0.991730615964958
0.991735670947675
0.991730176234536
0.991733410966286
0.991725004101112
0.991738796298201
0.991723517256659
0.991739193484712
0.991733544090965
0.991738638134316
0.991728416665127
0.991730505395516
