0.969301222013212
0.96318145221959
0.950538709502642
0.941246738637009
0.955520507015551
0.794876051733782
0.794873156258375
0.794893976589477
0.963051508106888
0.962817005730366
0.953141118077348
0.953346193686245
0.794679813680181
0.953865971401932
0.934200989863134
0.964926486652951
0.961703275860571
0.961012808639225
0.794904067595621
0.924657821133101
0.92445076192104
0.960640611018055
0.948835676476703
0.958719153992269
0.794926570838701
0.940887625768344
0.794877578202488
0.968995511876945
0.969134247264422
0.794875307089839
0.961031174106762
0.963116498400772
0.964942516782302
0.967555336205347
0.794900350079044
