0.993378212686296
0.993378626366567
0.991371174696639
0.993378593558711
0.993252051737755
0.993378417004433
0.992654260455725
0.993378278360761
0.993241910837629
0.993232320453713
0.99327319169857
0.99299024289795
0.993378379997536
0.993240654289408
0.993378126443844
0.993378349969666
0.992599560041894
0.989973189150724
0.993169030743578
0.993282313784522
0.993378330297966
0.993245034572827
0.991339948596797
0.992636279417742
0.989699269280279
0.993239858973417
0.993241071950927
0.992718813760862
0.993378229987221
0.993378545967585
0.993256646694692
0.991998819863602
0.992950662534673
0.992648333297873
0.992579155551859
