0.762985594843249
0.560443947150912
0.587162655079699
0.55189430852446
0.622540351375961
0.636749254064629
0.691708802158344
0.624767064319714
0.615990442639595
0.633120127069759
0.683463009796484
0.62051965439895
0.725978093192394
0.576860862973906
0.549271619419038
0.562473154117192
0.557753677753767
0.517039894309838
0.582332378130036
0.580659460938333
0.622787834197596
0.630055773497827
0.609225102679526
0.561444100724298
0.717551701489239
0.707190915463192
0.608189745657878
0.670697815320408
0.65955513374579
0.757020460934264
0.698790789383747
0.587303036475512
0.613693085509223
0.619556802257972
0.650641141833494
