0.861400010119195
0.864891782910827
0.864572962293937
0.864919255410963
0.864746135206709
0.86444318457144
0.864658105858996
0.864172892701551
0.865192710407313
0.864779705648388
0.865818714954657
0.864506070492707
0.869189526934115
0.865360407545132
0.86497955301011
0.864655063621371
0.864909698124652
0.861121137040238
0.864330023848156
0.864778598180002
0.861857443373389
0.864677323918423
0.864510818447692
0.864552104968444
0.864661961615863
0.864921434350366
0.861338403117434
0.864768847440568
0.864606482978518
0.865449965324233
0.86480457727296
0.86445676897813
0.865179603742875
0.864594717092782
0.865268250843238
