0.989443384658614
0.989443621327375
0.989443280497274
0.989443444721453
0.98944347813237
0.989443588860806
0.989443521161849
0.989443492860921
0.989443415355319
0.989443436357877
0.989443549777677
0.989443453030807
0.989443398609229
0.989443457321782
0.989443423057932
0.989443896593972
0.989443343879229
0.989443606899851
0.989443541429717
0.989443970959803
0.989443738850138
0.989443466237641
0.989443524193693
0.989443379281422
0.989443406355065
0.989443745643216
0.989443598074583
0.989443443243996
0.989443582905798
0.989443477784706
0.98944357986001
0.989443490525137
0.989443664046876
0.989443550902476
0.98944338935687
