0.151113637087418
0.577492778861086
0.151113637087418
0.915512980263697
0.915576526687781
0.577471863238787
0.914529428090919
0.577471911301578
0.577497538976097
0.577471895252348
0.57749083583672
0.915241161726396
0.91503273359389
0.151113637087418
0.577492782441106
0.915931627906345
0.151113637087418
0.57749280686313
0.915503021652166
0.577492758924114
0.577471959637885
0.577471902613643
0.915375110249562
0.577497586190867
0.577466046246675
0.915414363478967
0.577497439195488
0.915014537991753
0.151113637087418
0.915108292621407
0.915190040552747
0.577471957450859
0.914868504500749
0.914419348002863
0.577492781560387
