0.99159819878903
0.991886366069866
0.991986767496861
0.991628761012339
0.991551037045808
0.991759401100406
0.991558807883504
0.991909076906207
0.991829183039498
0.991856911288642
0.991549823766801
0.99209177104156
0.991660139413597
0.992051397012199
0.991948991229049
0.992365301571498
0.992086333506494
0.9914000043593
0.991851682963425
0.991703947691866
0.991753225355001
0.991779292698968
0.991664455828837
0.991930182168439
0.99169250723428
0.991540652799261
0.992055955237898
0.991611521593517
0.991490851315943
0.991776995805899
0.992224252141923
0.99169869099683
0.991998213899636
0.992023853905598
0.991636976691331
