0.774578618115093
0.872235308765199
0.705129533236248
0.664438625223172
0.847256497117444
0.756894480035173
0.754560870997765
0.858561458545028
0.77912374892996
0.88523879826012
0.696349243986171
0.754069055033718
0.768224940558717
0.910006034002353
0.843245625217237
0.879206286842058
0.852760847310978
0.653908095993896
0.673898547052648
0.656401227193436
0.666566816456841
0.753029760495298
0.858646315286289
0.946326439700292
0.84467820786809
0.758437702235372
0.664643664864435
0.844009661826775
0.76044746538113
0.682544438786945
0.702179317011188
0.849662240709975
0.751411946113493
0.688281131909663
0.762722570675449
