0.868202798641969
0.859785493977992
0.848992548448357
0.861791294434644
0.861569087363766
0.858767631523487
0.863787124942713
0.861078300740645
0.863981302421333
0.85332193415674
0.86647200298751
0.876312744778746
0.871872801863257
0.857197999535529
0.867054830251547
0.845551078036059
0.85087746132231
0.850926491300347
0.851621965453297
0.854840883067783
0.865366859099541
0.846261258215315
0.869381158849492
0.857572752613383
0.856701932098137
0.861847366175012
0.859921964824084
0.864854624815196
0.873613344640146
0.851943239470315
0.862614370837916
0.85902758538129
0.864706314633696
0.85904824406356
0.858528773704911
