0.843737847190744
0.844478360448763
0.846750106186796
0.842858779695671
0.850132288014395
0.84690720515052
0.844835653502863
0.847382380135112
0.843274644960939
0.846622298277986
0.841882476198493
0.843512781932882
0.8421200219419
0.841970785327587
0.850848282852531
0.848789855674659
0.845806253579821
0.8463516741025
0.847880816713584
0.842594338685173
0.849034215391193
0.845973749887257
0.843800419649791
0.848929119826342
0.849394963685851
0.846767304814987
0.846965084423295
0.84305450753751
0.844105154042836
0.848729254941985
0.846371371454769
0.847329089923817
0.849220223444293
0.845451558571499
0.845494247957285
