0.88661046399097
0.890442100608138
0.89369618030545
0.890682459986024
0.894493820690749
0.886500601512752
0.890669962351872
0.894551110361661
0.894179435257887
0.890531474232154
0.894087002080426
0.890624520571497
0.890619018030372
0.89007034775537
0.890750660100335
0.890732922693073
0.890473336931279
0.894228790000028
0.894380610039814
0.890756133122194
0.886774638442983
0.886461914620776
0.894252656695206
0.894404850995203
0.890447869001974
0.89036073281113
0.890131180661537
0.894346240107859
0.893751496448973
0.890066716106895
0.886559075149101
0.886625894206357
0.890587119091282
0.89408729376496
0.890586648951981
