0.797578785691541
0.972219213103993
0.797442056657366
0.964667439873819
0.797532469370595
0.970192678432973
0.79741975206138
0.797555246994455
0.951772664977331
0.944366178275377
0.966081822752061
0.797499621347856
0.967053698731178
0.967273407071277
0.971262719348133
0.797432858238197
0.797525408415696
0.963098941124345
0.955543817823189
0.969431098490566
0.801963177156311
0.961059232998009
0.797529389139377
0.797554167673089
0.967351062163143
0.945748334894102
0.964589521050172
0.797505090664565
0.964973765820784
0.971091004132679
0.797443150888748
0.955980919490992
0.96250775865741
0.967199496290439
0.797236650725984
