0.914615446088611
0.914227320787232
0.914166107215728
0.914379485188542
0.913836898374189
0.91529676253426
0.914505433952029
0.915070264684621
0.915503748483478
0.914873015290987
0.915783737296454
0.915867980286664
0.915204796250714
0.91472197324283
0.914250872768898
0.915855137705294
0.915495990996739
0.915428862924028
0.915067020255544
0.915249353207948
0.915732932222343
0.915218130177647
0.915373379761073
0.914917432089763
0.914883264475052
0.914004567505041
0.91500231753486
0.915538400411228
0.915012101003341
0.91566606328873
0.914347239257587
0.915092949222269
0.914603720982989
0.914866030859834
0.914493751003148
