0.903673451751775
0.892217129082075
0.903535407098085
0.897507659366476
0.894704676487024
0.871682288058757
0.936490807783044
0.92657463337249
0.887006412296686
0.88775029575981
0.892681976351169
0.941263147890644
0.909392911345424
0.844049999703766
0.880767103352508
0.926303473629988
0.939468820179749
0.941037200895528
0.946310088356175
0.923373109714394
0.84211662769573
0.93861291810626
0.934272814590111
0.904757091365694
0.876778294995366
0.905506662713609
0.889233397661118
0.89176043735097
0.834252098172368
0.956116751215827
0.868422241274466
0.899458329079497
0.899427537822568
0.904006820028779
0.88405464975232
