0.774579793692014
0.872236633247393
0.705131079164482
0.664439555694849
0.847256564544703
0.756894268268254
0.754561353351592
0.858561353280092
0.779123780290804
0.885239649175837
0.696350083781628
0.754071899414385
0.768225397801153
0.910006659875454
0.8432529419196
0.879206836905968
0.852774127352469
0.65390991575733
0.673895131851516
0.656401475891241
0.666569675631377
0.753044645811859
0.85864743680112
0.946326835149279
0.844677133793633
0.758440635125897
0.664645546100628
0.844010909799797
0.760447988386967
0.682552146551561
0.702177924975564
0.849662456334472
0.751423224680122
0.688281334677275
0.762721686970772
