0.96952069214719
0.972791690863161
0.970508161231935
0.968101310605041
0.978418552633934
0.96961775385177
0.968618740655354
0.971178717937626
0.970866304664068
0.972124358109958
0.970332159044649
0.974821193506988
0.974001219096962
0.972311847109065
0.97311682223011
0.972038011352684
0.97645447153631
0.973243511068205
0.970191725773073
0.966910525283489
0.973496864934797
0.966642774157828
0.97537207493476
0.970073520920418
0.969305507300902
0.97469090911913
0.971353925195835
0.974261349925429
0.968050617912111
0.97901910852208
0.974144951922798
0.969851272352661
0.970242793919306
0.975275625646534
0.97231655729954
