0.886092030453616
0.870228488186431
0.884420702490932
0.879029525660669
0.875132691140228
0.845971634368496
0.88522335165996
0.905188851450994
0.867145913855337
0.868894888470321
0.872595769818125
0.92763431911503
0.890216732512329
0.819423305504068
0.860927467257465
0.905935146192747
0.923309137043351
0.903167641958491
0.92405868967495
0.890115208866816
0.822474576580089
0.927571968512821
0.921737098589724
0.882549803960317
0.855651942275109
0.884323207657296
0.869515513848027
0.872533064115324
0.812512312325253
0.942078689607187
0.847803959072417
0.880186725399501
0.880596169381958
0.883297987532573
0.864548510955292
