0.965816150664448
0.965822998308952
0.965634620272406
0.965572654740032
0.965546289406611
0.96546379732766
0.965524894839406
0.965649640182526
0.96560277846824
0.965520247906335
0.965812948298449
0.965621684904832
0.997973172506264
0.965550403546248
0.965626280929827
0.965819826724234
0.965522404431306
0.965643056041706
0.965645533706943
0.965624907446938
0.965539085794609
0.965622705779122
0.965527115954265
0.965647696484674
0.965801399209811
0.965644549952927
0.965574445544535
0.965553875935171
0.965537654460284
0.965490549381237
0.965545253998397
0.965623585616117
0.96581530146719
0.965519221399453
0.96578999583537
