0.965135678807941
0.943716894378942
0.966998510449583
0.953189839853207
0.96465709128655
0.930455790669322
0.981808740023082
0.967737772664987
0.943008849159937
0.938241363320113
0.943696239738851
0.973265416584609
0.976072989371997
0.911864482995826
0.936229264618567
0.967324917689212
0.976856231191495
0.980805739813089
0.977046552724751
0.981661682843087
0.973054389834292
0.975914584529128
0.9710157593512
0.967218315169684
0.931581879140816
0.966361291563283
0.944644433225579
0.945445243014252
0.924504214470396
0.986415576463347
0.929143810966709
0.967262487398277
0.953498349378679
0.968273687614918
0.939653961478274
