0.926167501713945
0.924761155369111
0.928244680609494
0.927230903168543
0.921796706352543
0.927746544087209
0.917949384442464
0.925808959433536
0.923693389783372
0.924808897944821
0.925340678289977
0.924391465110595
0.9262664018639
0.924252766069821
0.923741249225595
0.926588948308389
0.923128985413516
0.920828381502905
0.926844657758626
0.924909716942561
0.922932708565939
0.923345330918488
0.922821762088476
0.924436037276436
0.922326289933685
0.924798465829787
0.924510346006009
0.924981810339795
0.922703181731902
0.926144044137121
0.922016528106196
0.922240056608702
0.923974684980055
0.926750774437604
0.922275754556322
