0.971190039610305
0.338681987297538
0.973981368831241
0.978950793510477
0.352254922509522
0.572657208752641
0.528317818211768
0.981282600493205
0.963659207373044
0.570853420800539
0.961941000471751
0.585980110736553
0.501053639437271
0.9767734360019
0.551590940923368
0.965021933043405
0.976511586889861
0.968769764756632
0.965968610456096
0.969597743980234
0.541252327162767
0.964867955433356
0.964587835898159
0.971556533550644
0.968913584856392
0.965873571052708
0.985157938542425
0.654654664879012
0.972999222966227
0.975974472819173
0.982584704667435
0.966277465526667
0.968904340942047
0.523525839123948
0.519857903358428
