0.624160245963443
0.556143327537066
0.534159605813761
0.718577717671379
0.723354346574237
0.541522780458558
0.658146237500251
0.728385964251349
0.384547082701558
0.53301138654708
0.439325327474956
0.31324540991499
0.638925256496385
0.69667645036813
0.582570429071417
0.536519633015516
0.577848814460536
0.668799189264666
0.529131835740101
0.725814727966899
0.304181638327335
0.504072308810345
0.654338790740567
0.486600821119789
0.457135629613497
0.503278987794394
0.403009423771349
0.688093520478825
0.639137935746258
0.642978094063166
0.639569571064932
0.55501450517547
0.545129451340695
0.433652959385368
0.604781085959945
