0.983448178486243
0.974302609443126
0.961060295735444
0.988359058553393
0.976181931986719
0.992710439331863
0.993726261548442
0.993762742831255
0.992960982531844
0.99365079896441
0.990009027703479
0.983560392407918
0.993715585051042
0.993369424201137
0.991957958765017
0.990220100627632
0.992458263645634
0.993659341626995
0.989518379558473
0.943573519584848
0.991361117386116
0.991699911210015
0.992842944960632
0.993669456396477
0.955892368853603
0.993121201778162
0.993686577192777
0.993849250421252
0.989939109963877
0.989400408662566
0.993343703228647
0.99267359384629
0.992917349331813
0.993922400708169
0.993650639549805
