0.997170578142507
0.997165411418798
0.997192431425293
0.997187245851048
0.997181878611992
0.997191340946905
0.997169974108521
0.997174765034857
0.997188890807059
0.997163784212469
0.997180544427865
0.997181497895155
0.997175298425485
0.997187469439486
0.997166607766747
0.997170321441011
0.997160394335738
0.997160512059098
0.99717601531456
0.997167372843778
0.997169695481124
0.997167609936173
0.99716848643935
0.997185029888165
0.997166301564566
0.997162812301952
0.997175922002803
0.997201065660223
0.997188193544273
0.997182103521007
0.997167416018476
0.997183734842272
0.997175181450975
0.997189926960211
0.997182844711077
