0.543409854014599
0.59850401459854
0.167865825919708
0.227574533118248
0.10433546659854
0.25891123909489
0.543410802919708
0.400274181839416
0.198756004875912
0.353256058394161
0.46747538680292
0.630087203242336
0.169487644671533
0.221433470938686
0.545964379562044
0.679175797721168
0.0920429254978104
0.302821500135766
0.435082648992701
0.682455912414598
0.777353723129927
0.543409562045255
0.543410510948905
0.730636570229193
0.543410802919708
0.449346006656934
0.688025477004379
0.557986861313869
0.197408304588321
0.673754336757664
0.690841896906569
0.650239209013139
0.285788784969343
0.691945693454015
0.596864011045255
