0.956876885729015
0.931595761097441
0.956333038644858
0.937792200363353
0.939579472630127
0.915832382863015
0.974442315268173
0.959114825835507
0.930046325383442
0.925528729306114
0.930623148880829
0.966069843454699
0.967486237892816
0.89429617710242
0.92516080941949
0.958803508904804
0.968806316398561
0.972602378875564
0.971576654411836
0.97428816920749
0.950823311911648
0.967663603270091
0.963553740511274
0.958684828219356
0.919947139399863
0.958031326440718
0.93094788148279
0.932463025113623
0.887881668839122
0.98060703238302
0.912858610528347
0.945933690003681
0.942598464234784
0.958413659717199
0.924458068709015
