0.6857414989558
0.905874085036797
0.764561303471418
0.742238825892191
0.654432070131781
0.555941343223045
0.653830241450904
0.66285292151
0.511440082503164
0.572741370881683
0.574923091769632
0.644424900009766
0.735845016762507
0.589715290620528
0.650795039740624
0.659363444069034
0.731002280496045
0.738097550019319
0.667197219491125
0.765640658034803
0.733424589408812
0.655269044955304
0.746426888131356
0.645408846568491
0.730384570849834
0.82754126551965
0.573903927993836
0.644083033525875
0.74609741374942
0.644623015210948
0.740726526729751
0.501184409449169
0.735779768045648
0.75053134765627
0.828712060511558
