0.939886020277817
0.940380640980798
0.938182074748742
0.940821128250499
0.939556770372394
0.941054252187391
0.940327527783872
0.941637464373023
0.940882544355261
0.94117783626905
0.941968490649967
0.941867540393319
0.941082587079349
0.941276776477182
0.938452513412422
0.93858398602179
0.941256823160349
0.94170492056908
0.938545787329677
0.939510516961699
0.940959696481593
0.939170009007503
0.940383032834584
0.939456543143084
0.942203531324611
0.940903629806524
0.940582118424924
0.941461616514618
0.94024964574064
0.940603507051499
0.941261251816111
0.942053018423461
0.939141325819718
0.941217696870434
0.941271189318217
