0.94843463824561
0.943511032961776
0.780664316826989
0.948485000497711
0.781060961738458
0.944822114419311
0.784029957267308
0.780458614355211
0.78237868065038
0.949314790334054
0.782239369917501
0.780215940391647
0.950584309776283
0.950210519310576
0.781494279680006
0.948234500343591
0.780961172018869
0.779904867962315
0.951039416113999
0.783801373902493
0.784156880918504
0.951052588082317
0.951121745407867
0.944904587809858
0.778820280198264
0.781281151887183
0.942734942447083
0.952507312433598
0.947470253816339
0.784003665063915
0.953964073565912
0.779656684822841
0.784308670488911
0.780008655156038
0.784021111217198
