0.151113637087418
0.577492732077677
0.151113637087418
0.915416722005816
0.915655887458792
0.577471950293979
0.914536078823739
0.577471973934334
0.57749758616971
0.57747201911058
0.577490863494637
0.915309002983814
0.915103724629551
0.151113637087418
0.577492735588597
0.915972525579699
0.151113637087418
0.577492888809307
0.915478663833676
0.577492738755801
0.577471957534658
0.577471996513184
0.915381790504771
0.577497583306931
0.577466106569178
0.915426460834724
0.577497455629782
0.915029467363059
0.151113637087418
0.915327729403338
0.915199077999176
0.577471978448785
0.91491907031286
0.914461724047542
0.577492857671793
