0.868249673171036
0.861628235587409
0.850177037743846
0.861769450248148
0.861716367021429
0.85879541323356
0.863695269040627
0.861158958219374
0.863869546411007
0.853235911588954
0.867781279330427
0.876596493909659
0.870108978969834
0.857409156822234
0.867153640944483
0.845551724724944
0.854325814589746
0.851035842450908
0.851966695082624
0.854713315931257
0.865445288591006
0.846301079225861
0.86955618469281
0.85865069390038
0.856712022586826
0.861755208714089
0.859989860990202
0.864972932301511
0.873624865754393
0.852049078244227
0.862715276453076
0.859149604898306
0.864766223177229
0.858934089949319
0.858617984452164
