0.543409854014599
0.59850401459854
0.791952628258394
0.444509197080292
0.22992700729927
0.394160583941606
0.624087591240876
0.510948905109489
0.322986861313869
0.429187737226277
0.624087591240876
0.777371459855474
0.550910147626277
0.434306569343066
0.631386861313869
0.762773722627737
0.416430656934307
0.409254744525547
0.528134306569343
0.777370218983941
0.777372262773723
0.543409562045255
0.624087591240876
0.791970802919708
0.624087591240876
0.624087591240876
0.784671532846715
0.624087591240876
0.46349197080292
0.777372262773723
0.690932846715328
0.685847883211679
0.543410802919708
0.777372262773723
0.777372262773723
