0.914622181262481
0.91391634717
0.913915327554101
0.914593843659392
0.916392844221706
0.91549581543106
0.914278071475559
0.914964423187066
0.914971479253956
0.914774664388893
0.915208516460182
0.915993041906472
0.91484415038826
0.914873651226428
0.915019166888444
0.91583417979888
0.915290734221261
0.914498861073684
0.914538055695519
0.914720412995236
0.914964745696814
0.91440957934373
0.914321272245423
0.914431871456726
0.9152925698812
0.915883861194084
0.914570717030465
0.91581573509189
0.914257378954264
0.914934872602293
0.915171424605724
0.9147476707907
0.915332221939279
0.91372861386953
0.914535864782936
