0.903785769911306
0.90419734880442
0.904577925836637
0.903576386493948
0.904576029311081
0.904030308463625
0.904358366264873
0.90407625932256
0.903505855626388
0.903565176289519
0.903964828892758
0.903835133048084
0.90407176508323
0.903243464662165
0.903459379933385
0.904166209235098
0.904012086121338
0.903652876011064
0.903500581732604
0.903983353029112
0.904033701301606
0.903831730710683
0.903245656000984
0.903779163434349
0.90352821705276
0.903820029886588
0.903002879905463
0.903322269288355
0.903623319999929
0.90424532565937
0.904528441707802
0.904064757816129
0.904083340154601
0.904074581986176
0.903940524178449
