0.904832406956687
0.904243149755066
0.904984957827394
0.904601307225283
0.903269141034702
0.904532125246809
0.90446084325177
0.903912200734493
0.904444259600074
0.90364421547509
0.90399786216326
0.903384170742275
0.903699783581739
0.9032467072937
0.904740055138444
0.904029962982061
0.904327329908011
0.904447712980756
0.90380387898587
0.904053377578782
0.904317893321908
0.904302155211772
0.90442751745099
0.903335069413891
0.904121111630606
0.903816678200888
0.90338005706704
0.904441162224987
0.903536424272747
0.904101408457971
0.904047925454612
0.903858909923541
0.904641988209144
0.902724385603288
0.902631824832164
