0.991516863763169
0.259099783356695
0.259099783356695
0.991536409510978
0.991479959655289
0.259099783356695
0.991548621417749
0.991469396112603
0.259099783356695
0.99153828328316
0.991558884846804
0.259099783356695
0.259099783356695
0.259099783356695
0.259099783356695
0.991537442820229
0.259099783356695
0.991501508599154
0.991447173690907
0.991562071064677
0.99151262637724
0.991482017507503
0.99155141406894
0.259099783356695
0.259099783356695
0.991546959121162
0.259099783356695
0.991593882931882
0.259099783356695
0.991457214684447
0.991448941483033
0.259099783356695
0.991489901665881
0.259099783356695
0.991441795548931
