0.505062779883252
0.652300623864896
0.58753140753653
0.542406535190247
0.630393111623023
0.524783226763891
0.532131946507599
0.539427031524596
0.58062961306441
0.522623404299203
0.572972518857262
0.530329358891853
0.55013128191226
0.550610098499343
0.58699908871115
0.623220133614892
0.514247924515255
0.584802902973013
0.589574368808153
0.583133640630166
0.565395302120003
0.633489971679177
0.508768525256949
0.567687314683163
0.526182686282605
0.566916138437034
0.628239221186994
0.579809433004577
0.554536442123247
0.63719039542098
0.542658921506498
0.586484685519595
0.549041870146828
0.598660568152556
0.571992751788238
