0.151113637087418
0.577492709997227
0.151113637087418
0.915514036144643
0.915585493742404
0.577471909563359
0.91454895863418
0.577471921380858
0.577497585919686
0.577471959516857
0.577490829180851
0.915315703431859
0.915103121230229
0.151113637087418
0.577492847452527
0.915885313699259
0.151113637087418
0.577492845593555
0.915514562119751
0.577492762080466
0.577471932203891
0.577471923147239
0.915394476353032
0.577497621522059
0.577466081425243
0.915377242070039
0.577497467214703
0.915049093849955
0.151113637087418
0.915122566384534
0.91523356128881
0.577471958317701
0.91489184658859
0.914478673033139
0.577492840808885
