0.503006880941727
0.650965068975491
0.586456894822184
0.541168392245701
0.628843028228984
0.523015912508325
0.531617935015217
0.534729268053976
0.578428925417156
0.521021481981359
0.571573851411112
0.528475682319525
0.547563081955483
0.548146284486034
0.584267248063751
0.622192377097554
0.51274959603065
0.582474406053445
0.58669752050063
0.579967028585549
0.56422591526206
0.632374540300001
0.506987556975713
0.566951595932611
0.524206855965635
0.565143602233465
0.626795151686353
0.578077528680196
0.552568300781908
0.635682973222422
0.541647883523769
0.584151077807568
0.548012656377906
0.597158684626251
0.569392189762705
