0.991516897135222
0.259099783356695
0.259099783356695
0.991536397086673
0.991479969793157
0.259099783356695
0.99154860096347
0.991469381221903
0.259099783356695
0.991538362423069
0.991558890978047
0.259099783356695
0.259099783356695
0.259099783356695
0.259099783356695
0.991537423774275
0.259099783356695
0.991501476199904
0.99144723504338
0.991562026627887
0.991512670965251
0.991482042448919
0.991551389986086
0.259099783356695
0.259099783356695
0.991546892528984
0.259099783356695
0.991593905556946
0.259099783356695
0.991457312772087
0.99144881150916
0.259099783356695
0.991489876572303
0.259099783356695
0.991442007876492
