0.99159813740199
0.991886272217725
0.991986888462922
0.991628839150425
0.991551205514145
0.9917602635751
0.991558924268947
0.9919090771162
0.99182926310544
0.99183867470639
0.99154970806115
0.992091748654678
0.991660278550527
0.992051427621788
0.991949053176747
0.992365337175768
0.992087473079206
0.991400018022117
0.991851636628579
0.991704118585125
0.991749434419664
0.99177922842749
0.991664672652417
0.991930091898977
0.991692486127757
0.991540600092546
0.992056124635191
0.991611569363241
0.99149101920203
0.991776921206466
0.992224279540665
0.991699310113966
0.991998118231747
0.992023913831109
0.991637067189231
