0.997166738077807
0.997175302038946
0.997198928365422
0.997169278480202
0.997182281073871
0.997175662820089
0.997163841223698
0.997191696856041
0.997183683496741
0.997208887630874
0.99717393925429
0.997198280546149
0.997220443731644
0.997187862090238
0.99717308177653
0.997169428814397
0.99716949501884
0.997153519214548
0.997170839392405
0.997170608200378
0.997207592038665
0.997174876165425
0.997179214047775
0.997195730517822
0.997173879157233
0.997194978805741
0.997182616087708
0.997174888936227
0.997171630736722
0.997177295083769
0.99715923703634
0.997174317449552
0.997187115164966
0.997184265307378
0.997172419798616
