0.991502033691717
0.991533302096185
0.991572662191126
0.991484434626534
0.991568448302484
0.991506911316274
0.991528468989446
0.991465319130874
0.991531003626717
0.991500675963392
0.991532356231226
0.991486364160757
0.991535308464565
0.991552106444567
0.991541796968769
0.991506450116068
0.991491171137047
0.991563775442602
0.991564920382639
0.991457172835592
0.991563577149063
0.991561028432545
0.991481596755364
0.9915539015696
0.991513735381315
0.991542263865401
0.991555200131783
0.991525947828191
0.991512749474605
0.991498222963046
0.991536485060942
0.991568279978546
0.991592605346182
0.991565036851761
0.991526040689082
