0.991501893140449
0.99153325226423
0.991572609839779
0.991484334458557
0.991568463995452
0.99150688813862
0.991528358725765
0.99146524390243
0.991530948641032
0.991500649832001
0.991532344939422
0.99148630278049
0.991535515986061
0.991552301652464
0.991541695526493
0.991506462046671
0.991491135906543
0.991563740280406
0.991565039302374
0.991457105325966
0.991562481636549
0.991561042622263
0.991481610208767
0.99155380822537
0.991513669798448
0.991542364558643
0.991555253349701
0.99152587435974
0.991512692246765
0.991498194108516
0.991536358838127
0.991568200907887
0.991592603757901
0.991564992366683
0.991526158221455
