0.878744901977623
0.886554486010623
0.886710936232771
0.890671701989486
0.885043321957856
0.886497363609954
0.886579303058544
0.889672134060823
0.888557756208157
0.890511587372387
0.882682712244006
0.886670905395785
0.890586343179021
0.881851214391105
0.889906984653107
0.886473784804098
0.882717645459468
0.89044091588301
0.886537516789455
0.89067335139239
0.886612330897308
0.882552301752918
0.894119820389265
0.890507955561374
0.890446656720408
0.886466251327148
0.885851887468892
0.88245058110157
0.886358723438826
0.886562641367636
0.882624097246384
0.886614859844232
0.886461980825718
0.891692985284269
0.890417027393851
