0.991562700856861
0.991217547359812
0.991383720031761
0.991146789168386
0.991586047228602
0.991292266834505
0.991409302971571
0.991340144726357
0.991199507433903
0.99109314180547
0.991680191668447
0.991330975396688
0.991425028799265
0.991178304506578
0.991289414799004
0.991198126247324
0.991348648171738
0.991614209988488
0.991661415296539
0.991405540563146
0.991353736137281
0.991369442744568
0.991122095183572
0.991420163594071
0.991588267382728
0.991310684200564
0.991526101665634
0.991405657461863
0.991153116018866
0.991716603945559
0.991771157568073
0.991093991708806
0.990958038352171
0.991567659577114
0.991177462174402
