0.981373478835551
0.98225661257371
0.984908645283409
0.985806519112013
0.982644239906622
0.984874811528041
0.98585784177552
0.981665522910414
0.983921491260067
0.981900983416584
0.987048234150769
0.988805460635877
0.982857948250203
0.984247050131611
0.987198395346013
0.986695421176774
0.984226526854444
0.983516262356587
0.983636071970544
0.987086561984342
0.9867665400073
0.987310136172358
0.985382926190587
0.977382235057391
0.988878875481917
0.982519790294889
0.98585318350224
0.984226380054156
0.984750110344194
0.983035355111104
0.980831895471623
0.984047224825064
0.987696895457625
0.982816020093429
0.980728062853748
