0.90061268417394
0.897852082925103
0.902816257612379
0.904079191331229
0.902113405437396
0.905276111584612
0.892420870815633
0.897526475849997
0.897375028841984
0.902721826204929
0.897451447124771
0.900568004390102
0.898453240784891
0.90067371228627
0.895282416510553
0.902952385885901
0.899555396540904
0.898113920629519
0.897942447311204
0.901704635295379
0.899746228521275
0.901221035470568
0.899264222940919
0.90130389188184
0.900701723329261
0.901773689599742
0.904597198830224
0.901122679910017
0.901153478237864
0.903714962938148
0.89949363124679
0.895357803687641
0.903428635864811
0.896769545896765
0.899198669239504
