0.77457507037981
0.872231256982066
0.705132930932336
0.66444250777449
0.847256077100278
0.756892123302021
0.754560800289026
0.858564583365675
0.779123562215402
0.885238783266822
0.696349286889356
0.754068915834573
0.768224414742249
0.910005516814152
0.843244668123583
0.87920609702143
0.852760753801905
0.653908084026916
0.673901434668038
0.656401018402985
0.666566127209519
0.75303077156284
0.858640852649717
0.946326538538104
0.844675450393205
0.758437137013149
0.664643574584478
0.844009633228959
0.760449198555916
0.68254419074917
0.702180071046743
0.84966147606477
0.751410262775722
0.68828080440762
0.762722516277991
