0.849568348310761
0.846070268528146
0.8469019714534
0.847535384133607
0.849111349277873
0.84728205484598
0.848537147714395
0.848732388768268
0.846725424516595
0.845819333601805
0.845682692019195
0.843417202463468
0.842113323291524
0.841701697651647
0.849151047527485
0.850527173255738
0.849594952971241
0.846460136426886
0.848714456974236
0.845411400145498
0.852136781738225
0.846933350588316
0.846072797452329
0.852834207730233
0.850271320609049
0.846063069122248
0.846799307901377
0.847805458232507
0.847757099295374
0.853017873798422
0.847025294984506
0.849344291352171
0.848976642739272
0.846539714448362
0.846220758113175
