0.939892767284082
0.940390396975448
0.935960161415451
0.940876113922352
0.93957055707221
0.941064447547948
0.940183464476049
0.941673543895184
0.940894604465522
0.941183574239395
0.941978528975715
0.941850327640173
0.941087074237881
0.941284027063312
0.938461502909443
0.938603098928229
0.94126264784451
0.941720848206005
0.938549472959187
0.939515513973027
0.940907321855988
0.939166289061698
0.940368572076567
0.939469625611131
0.942213706182053
0.940426824743989
0.940552368427356
0.941462197770599
0.940293014603262
0.938522358636218
0.941286252318171
0.942066031746021
0.939148159154977
0.941231382229609
0.941291015572979
