0.903795532782667
0.904204650710368
0.904577255275882
0.903593383770211
0.904585855437537
0.904035000118454
0.904320793292206
0.904103726807062
0.903518219303828
0.903577634121421
0.903964483805932
0.903852136737539
0.904130799235493
0.903622173920848
0.90351259704351
0.904189527114777
0.903993777868507
0.903666415956856
0.903501041224312
0.903971152342996
0.904040393763321
0.903836791843009
0.90322768332662
0.903741041461743
0.903522833153482
0.903814916861643
0.903025041300975
0.903331501361653
0.903646222133594
0.904377871529816
0.904525240709243
0.904084830611018
0.904106789900472
0.904102673307161
0.90390193958872
