0.899969692156823
0.91460793577642
0.926806956690377
0.914278972453068
0.912970447521139
0.924497795222023
0.912800346598324
0.917689266485784
0.949698358038319
0.91643949886298
0.93417270221151
0.951080831221625
0.91980710644052
0.90928267109196
0.916713927742885
0.932445812699952
0.877917175639765
0.897483277580838
0.917335778475549
0.907515151979137
0.924764588266147
0.908683616767597
0.906279742243025
0.900684463051465
0.894180106130738
0.904411877451391
0.91838042470888
0.923478220582513
0.901412455234775
0.899124250049829
0.911257138223878
0.924623167479011
0.893525929215253
0.919770113987496
0.918197886930822
