0.991656878022955
0.991886375133971
0.991986766056563
0.991628881074287
0.991552363760553
0.991760981757196
0.99155890355006
0.991909065025991
0.991829241800393
0.991838727747213
0.991549857765722
0.992091900127161
0.991660166428685
0.992051468724388
0.991949014865355
0.992365377445801
0.992087163144784
0.991400061211327
0.991851600702464
0.991703901768682
0.991752669679671
0.991779188483576
0.991664693580072
0.991930280333409
0.991692409298927
0.991540564479752
0.99205614874972
0.991611577186837
0.991491819937377
0.991776931120703
0.99222428369218
0.991699374114768
0.991998132926993
0.992023836691542
0.991637043525978
