0.797574377591601
0.971907539732045
0.797426901975834
0.964623968040092
0.797520419628978
0.961461014369475
0.797412417750321
0.797492887406326
0.949907297849308
0.944339741421497
0.964135416911302
0.797471585691382
0.965964281152102
0.959132568295653
0.97006390952004
0.797369033217027
0.797508736837428
0.962951189361501
0.955401739485852
0.967197323855648
0.80046240370886
0.959467638271127
0.797463483396789
0.797531265828548
0.958490414105332
0.943040599927181
0.960323908280829
0.7974940636369
0.961158828777567
0.958216283115392
0.797433756540089
0.953250768443336
0.962466578082223
0.963390697390273
0.797218578171635
