0.920080139188552
0.903652239509561
0.920777701961679
0.914039705269389
0.908771921368459
0.916596240348399
0.914355820420632
0.916942257153481
0.912985456460078
0.917485491093387
0.919644054565727
0.911997550961815
0.923110502907968
0.911275829708586
0.913761624949116
0.911925637339765
0.910217225994171
0.918637172511541
0.918718815594686
0.577561720959651
0.906201147738541
0.918839722387422
0.916852818660304
0.912049392128285
0.917992470663917
0.911931673765963
0.912060729292256
0.920658598773147
0.908341598527144
0.920774955267251
0.92422457077758
0.919622469894445
0.915636284688628
0.921008592747262
0.920089225073859
