0.510004135826185
0.656734702388597
0.592282440798078
0.546918821863591
0.634221331188678
0.528258836682323
0.535774636411181
0.544497214023653
0.585087272163419
0.526704876596291
0.576889013482465
0.534249116744351
0.558109729003315
0.556436319159374
0.591862077556236
0.627333570113738
0.517531978082123
0.589206097024008
0.594823736453002
0.588333126621271
0.57073746852635
0.637466700739456
0.512499920673605
0.571915414576925
0.529322976533382
0.570234703643294
0.631746569141774
0.584663051587928
0.559303278922891
0.640730795632679
0.549243392169897
0.591319090564072
0.553296925635608
0.603634812060427
0.57621944374449
