0.824154042168229
0.823143279420826
0.818624822559006
0.822481911851455
0.819846889195517
0.820990696051313
0.821523894937622
0.822921655248348
0.819271809570288
0.821387101965294
0.822367251249074
0.822090215652265
0.819562451287168
0.822799580654306
0.8223929601167
0.819547490485069
0.820872207473928
0.822947983828353
0.821408409730718
0.821185907602137
0.822991465344833
0.818323131480495
0.823253981298455
0.821868398820513
0.81827869870309
0.820037525405619
0.824925698863038
0.818604207908506
0.824031189779535
0.820546547329471
0.820381833791011
0.8248013829179
0.820963540045433
0.821873289858766
0.821335485687031
