0.847194734047822
0.840146232325594
0.859630482735842
0.841855098353338
0.854175905875672
0.844958074385523
0.84711649551901
0.837206745269081
0.837318053841977
0.866926979077352
0.869023200423305
0.850311555573562
0.83733007851262
0.839892194327447
0.843166167220862
0.839024236265984
0.875461768428007
0.856570640109259
0.837525744249133
0.86239737274585
0.840570440032232
0.877064479643881
0.863721544421354
0.859080743413996
0.83732580099911
0.837642685524282
0.867468290116398
0.855861552260304
0.879044404595931
0.839210323485478
0.843817979411239
0.838208343664881
0.841722180447319
0.853205589024794
0.852592544212585
