0.976415258249105
0.980942605417019
0.981949163241833
0.981813003591009
0.981095175919816
0.982822686440891
0.984501712971156
0.97868870634354
0.980875366697759
0.979605306746152
0.984938494210547
0.978827583419554
0.980606282374926
0.979692857270222
0.985088633752979
0.984748325853873
0.981851093863789
0.980620448347878
0.981811531175888
0.981541725212097
0.9779492101146
0.985687035781377
0.982630223790423
0.973559865494879
0.987173941498493
0.980092772272141
0.983307632851958
0.981575200941647
0.98187922002147
0.980550012091084
0.977611926974167
0.981613456896496
0.979240000343584
0.979565005865837
0.978964791157348
