0.771394387137589
0.77150240755722
0.778989052995868
0.877871650438353
0.771320576251564
0.772061664258538
0.888374012681026
0.771442149566464
0.771625321584357
0.772786928396525
0.771948696063332
0.773431109506858
0.770860869258334
0.787249674610566
0.771778165475356
0.771505519694613
0.876506708358432
0.874195911475788
0.869104188509547
0.87676852974489
0.774284187708714
0.771992156855643
0.771436936811283
0.879294148401433
0.772314192959541
0.772389039390227
0.880146437355348
0.771875603118022
0.881984031559336
0.770188731924252
0.779242649837867
0.771092420238502
0.774937975616254
0.874540395925073
0.876854662263594
