0.904817605209439
0.904251111669109
0.904992030200964
0.904542407207231
0.903100197014803
0.904475682569808
0.904468050393687
0.903916567420842
0.904445622508652
0.90368159724221
0.90400169355329
0.903367311902092
0.903602159140516
0.903249894882549
0.904705398095247
0.903815222549548
0.904325085229759
0.904299597632137
0.903808335488759
0.904052423359727
0.90432757374219
0.904304698625871
0.904425266220619
0.90340059887453
0.903842619331127
0.903827219907272
0.903396736764211
0.904406499595828
0.903535363933619
0.903988081393547
0.904046896462614
0.90383661263199
0.904621777005289
0.902729183278882
0.902517624412221
