0.498806266645719
0.647536643511647
0.581088489101259
0.534353591362299
0.62490036889433
0.517821061695432
0.528345606491043
0.529831016688058
0.572162563490227
0.515141524044809
0.56592106127082
0.524272365045732
0.542042769207204
0.542878968934701
0.581450156217898
0.618620598059166
0.507463574774845
0.577885531290276
0.582141989928625
0.573039661323515
0.56005367736838
0.629918234192578
0.50257261622273
0.564775543045284
0.52018260965981
0.56148217816941
0.621809421322451
0.572752374449014
0.547372449686675
0.633405611260186
0.539525327395144
0.578434029973308
0.544097180050026
0.591727667508401
0.566723069336008
