0.543409854014599
0.59850401459854
0.515822045182482
0.356038531585401
0.121619406131387
0.337211824817518
0.624087591240876
0.510948905109489
0.215872771941606
0.353256058394161
0.624081751848175
0.675678130891971
0.550881735240876
0.401086715328467
0.631386861313869
0.762773722627737
0.380331116145985
0.356038531585401
0.528134306569343
0.777370218983941
0.777372262773723
0.543409562045255
0.543410510948905
0.791970802919708
0.624087591240876
0.624087591240876
0.688062262773723
0.624087591240876
0.358072406978102
0.777372262773723
0.690928248226277
0.685847883211679
0.462732773722628
0.777372262773723
0.691949781021898
