0.774575069534375
0.872230859665265
0.705132862144211
0.664440278180563
0.84725265997311
0.756892330333005
0.75454239616723
0.858564670228924
0.779123303332415
0.885238691608458
0.696350634642831
0.754068885895373
0.768224475287996
0.910004747683937
0.843244793504545
0.879206022502933
0.852760769410001
0.653905956473882
0.673901489857081
0.656400669198493
0.666567869837478
0.753030735316396
0.858640853091165
0.946326529996066
0.84467551853873
0.758436654682657
0.664641897791718
0.844009455699339
0.760449161067249
0.682543944274371
0.702180079471047
0.849661116101858
0.751410159850094
0.688280395946562
0.762722452761959
