0.624186521454738
0.556198602587367
0.534226710182304
0.718594100160061
0.723404409742409
0.541582302829895
0.658169272087771
0.728414154068877
0.384648516620583
0.53310736679023
0.439384405256997
0.31328202953569
0.638967578452019
0.696731562507818
0.586705032943127
0.53658506894913
0.578416566472187
0.67357964096532
0.529174474521301
0.725826211051809
0.30421438988428
0.504141191154497
0.65438246259078
0.486641981870369
0.457187084017979
0.503304796137565
0.40304114672884
0.688108107291007
0.639168758079362
0.664780821308347
0.639587727797947
0.555059147495829
0.545184680098021
0.433700439357302
0.627304021017178
