0.992235957968279
0.992073927083415
0.992027456968194
0.992117608812012
0.992100721751134
0.992314822097642
0.992247253007296
0.99224723666507
0.992230316928191
0.992241556187847
0.992286621968054
0.992055643012085
0.992072572893484
0.992326112065808
0.992297923768206
0.992140140856974
0.992050018874834
0.9922359281066
0.9922303332676
0.99210072005747
0.992033149280221
0.992185238752571
0.992252865312562
0.991858438177874
0.991892244413331
0.992190866270389
0.992196501676198
0.991976737752486
0.992213394371355
0.992213430430741
0.992230354114432
0.992196488153929
0.992202168070541
0.992134533059132
0.992461292503592
