0.8180376933776
0.818578693374045
0.962453998089666
0.962414736486293
0.962187897640592
0.818883845349852
0.962138849170028
0.822070956137363
0.962811796630282
0.817237437213881
0.962227478634387
0.819805112303709
0.821448656238051
0.820576430823654
0.818014054194722
0.962905620882819
0.962759808006202
0.963339329457178
0.819751799737482
0.821627240776231
0.962728398593007
0.962353756220998
0.962698088570086
0.821822625601227
0.962267158690131
0.962198497344259
0.962750724484422
0.962131108200008
0.96247249274807
0.962397569727086
0.962455728378978
0.818107399367291
0.962317630650142
0.822185803357681
0.963068665089189
