0.918253161286357
0.914312373700277
0.912673322453014
0.91567312801515
0.914483821355266
0.91841614558816
0.906636251486027
0.912627154591258
0.912467686364197
0.914268445887856
0.915934243164562
0.915425775099242
0.915801279236244
0.913836544974865
0.916480270046866
0.914748922703381
0.912749083957565
0.91240319730992
0.909471380126899
0.916931552521221
0.912451569820066
0.913911365647153
0.912385254627179
0.915630675826355
0.912364497426162
0.916224613510877
0.916497752776361
0.91384523225401
0.911125116174645
0.91439469244748
0.911060668586528
0.91306157189161
0.916193652962973
0.912684415930197
0.911477794472761
