0.913921266624669
0.914176604495652
0.914202447746937
0.914330781826475
0.913859919761329
0.915314565015455
0.914511211952098
0.915232365420064
0.915558373470278
0.91473081101091
0.915887073053909
0.91587411217702
0.915083474900768
0.91472249790446
0.91418189707294
0.915766853494125
0.915470867755236
0.915458614140465
0.915221653313585
0.915277927886615
0.915698472475527
0.915348592213155
0.915375137637876
0.914946569430313
0.914900871683019
0.914027250500612
0.915008953403515
0.915330962413369
0.914995500276547
0.915729775139678
0.914366718500402
0.915098020465617
0.914529154797913
0.914954012998796
0.914502089675901
