0.86680242114623
0.860819001863518
0.849867509958927
0.861936908434445
0.861023941603439
0.858860792333901
0.863788715129035
0.862463512807517
0.863908318875093
0.854342393069287
0.867582589566285
0.876895529873132
0.870561050817871
0.857556143913943
0.867145491409676
0.845636815168591
0.854336525867823
0.851260686940282
0.851451880967587
0.854790702480263
0.866448438680055
0.846755189042091
0.8697150748966
0.858705248161731
0.853738345475647
0.862731185184855
0.86009639790765
0.869184625566522
0.877603818599723
0.85210199546319
0.862818900671921
0.859914229283481
0.865656612077094
0.858878793063407
0.858679790815149
