0.824225060927045
0.823553974013097
0.818617598661124
0.822539161201873
0.819890404389698
0.821149963919074
0.821563060399184
0.822742896858689
0.819167167911878
0.821420789444983
0.822199492801358
0.822194116705159
0.81949529581583
0.82297536985019
0.823062354302964
0.819715579706777
0.820714892657866
0.822893496161831
0.821420568477834
0.820720095166483
0.823006690171596
0.818318338594032
0.823254848545358
0.82207058216915
0.818331273073296
0.820011317177122
0.824819414548374
0.818489281220408
0.824194578992012
0.820574157568798
0.820372507034301
0.824887431289032
0.820975836882688
0.821918839523595
0.821730320982238
