0.991562730399863
0.991217547359812
0.991383691265422
0.991146741255895
0.991586056750533
0.99129229053193
0.991409258206345
0.991340092376866
0.991199505100959
0.991093189480625
0.991680184759413
0.99133097777365
0.991425027824534
0.991178228905119
0.991289391571693
0.991198120183431
0.991348668286114
0.991491646292898
0.991661373050011
0.991405544871609
0.991353802811577
0.991369416904358
0.991122125027995
0.991386913268632
0.991588381216291
0.991310674212044
0.991526130651534
0.991405634938129
0.991153144306996
0.991716551173888
0.991771130551705
0.99109398894977
0.990958035655992
0.99156760052811
0.991177409245788
