0.91463726734116
0.914277396559729
0.914162775918297
0.914386327066092
0.913828341969109
0.915334254129545
0.914088466104381
0.91504220997263
0.915479333800746
0.914866821176077
0.915724389606777
0.915815646231917
0.915206627272941
0.914705585531001
0.914234417484855
0.915854853966489
0.915480140938548
0.915422627000329
0.914981884665419
0.915171505817298
0.915744655303338
0.915076777077579
0.915369460813854
0.914967839998973
0.914956599282049
0.913975506871163
0.914991917259612
0.915539847123817
0.915114318183418
0.915699678722792
0.914339242450717
0.915149228830837
0.91459882695958
0.914901878038785
0.91449062971823
