0.151113637087418
0.577492960594467
0.151113637087418
0.915425567661846
0.916173307834383
0.577472091119663
0.915304872460548
0.577466008898802
0.577497607025865
0.577472115053453
0.577491043717706
0.915454745902302
0.915023330974594
0.151113637087418
0.577492909976069
0.916225813971933
0.151113637087418
0.577492819339621
0.915754558867393
0.577492688117484
0.577472048597796
0.577472098214997
0.915441600908967
0.577497530219886
0.577472193029188
0.915464034096805
0.577497539512276
0.914946753818908
0.151113637087418
0.915491390572104
0.915367778667442
0.577472151628585
0.915184193593296
0.914331607479075
0.577492825253797
