0.991501935950328
0.991533264590784
0.99157263323225
0.991484301990999
0.991568522782837
0.991506803487895
0.991528312833304
0.991465305250192
0.991530998752815
0.991500590237403
0.991532322432131
0.991486300187136
0.991535570259928
0.991552148599866
0.991541750393934
0.991506443419752
0.991491161173482
0.991563728148412
0.991565040621427
0.991457041543843
0.991562534940677
0.991560968519018
0.991481604327202
0.991553879287019
0.991513610476375
0.99154235067537
0.991555161954608
0.991525845847929
0.991512632324287
0.991498158811117
0.991536396599094
0.991568139950659
0.991592571787343
0.991565097187621
0.99152617434335
