0.963855961811701
0.335112625311477
0.968871050430371
0.978482151885861
0.348510815157086
0.541710468841068
0.505010802053431
0.976276428674024
0.954924803700749
0.524743075250524
0.954291149645552
0.540322371853042
0.48543436130888
0.97552898831387
0.52303255107611
0.956988983267453
0.975465011011393
0.964054562058332
0.956460198057784
0.959814991277968
0.514575876135978
0.958993307124939
0.95427762947339
0.968267606967925
0.962102104232025
0.963088200238869
0.659668207594415
0.570525811593582
0.966409698111861
0.970951762925175
0.962398117274597
0.961002589792255
0.963665821640395
0.505134299448355
0.503277209067257
