0.822156580016775
0.819255371701066
0.96295671531574
0.962515292458378
0.962652600075986
0.817299359945698
0.962305939041844
0.818388822067783
0.962547275018461
0.823286546007753
0.962333548592445
0.819501403372877
0.819976345290588
0.962549657924524
0.963055265940782
0.962398732899742
0.963420809079165
0.962759835284926
0.824003450010131
0.962859459676458
0.9628093603674
0.962266134361812
0.962516878078343
0.824366425694537
0.962040214670669
0.962706169902614
0.962121817671535
0.962571908721214
0.962735925301276
0.962864843352068
0.962804336946996
0.822231274987161
0.962144290430556
0.820324515540833
0.963351573786763
