0.318598482043725
0.577561834431063
0.226954065680104
0.439815042379228
0.397240808020415
0.161300746368405
0.199095833206224
0.190533166935327
0.175416712465941
0.29920985991485
0.578521181717077
0.574062211872118
0.192808606306926
0.161574160391365
0.578369561641393
0.31712967693663
0.163302835690333
0.254475383314139
0.211990801138101
0.580776205180192
0.202931726310706
0.22990439202461
0.578594912341628
0.353960337622104
0.577561817921793
0.151131704140827
0.373593690563425
0.34097308914185
0.425789285761127
0.577810705392578
0.145086568928254
0.577541043289513
0.555543431943839
0.145165106229065
0.262363073636372
