0.991148394658305
0.990988278952944
0.991117458933572
0.991138696595517
0.991196787762046
0.991139095649814
0.990978997694228
0.991068875080853
0.991177294975789
0.990879292319514
0.991131192890909
0.991088383823061
0.991128571704068
0.991225150211946
0.991074890986927
0.991144612436748
0.99117149781188
0.991178979265116
0.991154909699074
0.991148534454578
0.991186556296541
0.991064289853235
0.991153062787534
0.991199502486497
0.991101996727213
0.991043986862547
0.991140025860551
0.991099479578592
0.991012331449693
0.99108875196487
0.991133982880905
0.991163918659182
0.991102046397122
0.991100665165366
0.991211334995323
