0.96581617347723
0.965822993486967
0.965634712192621
0.965572613694269
0.965413562509125
0.965463853419803
0.965524826737224
0.965649669150093
0.965602776983213
0.965412290068462
0.965812951207645
0.965621683606649
0.997972040936033
0.965469119377644
0.965626293295621
0.96581983173887
0.965522382720905
0.965643394683171
0.965645562043401
0.965624935812482
0.965539056367216
0.965622709114929
0.965526942218155
0.965556981087984
0.965801402879569
0.965644524619641
0.965574440932624
0.965470676027453
0.965537596502615
0.965292190378911
0.965454842843903
0.965623678129349
0.965759644224653
0.965519252905506
0.965790031744743
