0.920233681871592
0.900182595654696
0.921029143881827
0.913083473601794
0.909340906183147
0.915476945085088
0.914818153508368
0.916974038801922
0.911840505837869
0.914041032681712
0.919743330748213
0.912109602791502
0.922577341768582
0.911776656510492
0.913454211535944
0.913543129339947
0.910676695637005
0.918052523867065
0.577536606294798
0.577561683954415
0.90457016312296
0.916836694683146
0.914226008548219
0.911537061609313
0.914139769675152
0.913932564743509
0.910747649829311
0.920435366022015
0.908752265264303
0.920758903522644
0.926106288561236
0.919989555061436
0.916210945927111
0.919236676346715
0.921031686136286
