0.997186496344412
0.997168538248988
0.997173514244712
0.997145600452455
0.997172361182816
0.997190239212604
0.997172528805575
0.997173267320114
0.997164536514213
0.997182061921732
0.997166620461319
0.997195530717694
0.997179252873615
0.997185564025774
0.997189600936307
0.997194335632027
0.997168648666953
0.997172035716439
0.99718407852169
0.997198721993054
0.997180972950013
0.997191195188017
0.997188384231902
0.997199846385664
0.997183403266268
0.997199662998946
0.997159829569279
0.997186665183117
0.99717797736956
0.997200825867634
0.997169109361986
0.997174538337796
0.997166705538718
0.997167785427832
0.9971640427263
