0.991516943732433
0.259099783356695
0.259099783356695
0.991537743412016
0.991480179563875
0.259099783356695
0.991548358064018
0.991469642817524
0.259099783356695
0.99152229971596
0.991558900170672
0.259099783356695
0.259099783356695
0.259099783356695
0.259099783356695
0.991538654546297
0.259099783356695
0.991501591602241
0.9914474779572
0.991562119391969
0.991512796504042
0.991482190968683
0.991551675082057
0.259099783356695
0.259099783356695
0.991547119256841
0.259099783356695
0.99159402276992
0.259099783356695
0.991457572279835
0.991448907128051
0.259099783356695
0.991489945337621
0.259099783356695
0.991441832925488
