0.962597610730389
0.822669207300097
0.963209421774412
0.962141743746362
0.962108873204368
0.8173568806839
0.962482059849419
0.963231235199581
0.962891090607092
0.81757619827247
0.962553920308712
0.962499820844404
0.96259320716904
0.963153882970758
0.962562203843759
0.962530530709218
0.962548455122901
0.963108272264259
0.962741571400067
0.962245016699464
0.962650992388473
0.962397730056935
0.962358312496313
0.962578379851044
0.962559921456855
0.962308963370935
0.962615806733999
0.962647949425443
0.962287518093084
0.962852516984242
0.96258208366607
0.962816601630529
0.962280878997197
0.963309090273503
0.963155134063307
