0.841835131880459
0.843028654525492
0.846783707080731
0.842253516423344
0.845559218775698
0.842753467242615
0.843950563758676
0.842245507071644
0.83841205624651
0.841917690582833
0.841897591962901
0.843401777965557
0.841581939868017
0.841978089681977
0.846594293599328
0.845965302374023
0.843696004235799
0.842562873781958
0.846799047019762
0.842073174877349
0.844879069845472
0.845379556820697
0.843639127405273
0.846423095583534
0.848235193196549
0.84514388576934
0.84316485731034
0.842766993864691
0.844109178747456
0.848054589170903
0.845982541697128
0.843889121804739
0.848596212615653
0.842561761164399
0.845093701231517
