0.973717875446643
0.584211956344044
0.976450336231629
0.979414926313347
0.975662286040054
0.603176666681815
0.541945827597197
0.982550213121558
0.966555558542886
0.60726603839559
0.966210795247548
0.612402618079799
0.505747188692738
0.977177784856373
0.573965131461992
0.96601457668772
0.977055559293974
0.970576735969674
0.968451239258597
0.97128270833747
0.567519205211895
0.967296924858383
0.966752460918435
0.97252070176799
0.970207412163944
0.967333899295452
0.985325574613127
0.989042358442501
0.975396742131044
0.97868726334074
0.983587103825348
0.968463382653184
0.970491474165592
0.535152243866101
0.527165806605472
