0.974902652992775
0.979640906040813
0.979878347556272
0.967963073530094
0.979996192826797
0.981565868952956
0.982967398063658
0.977015307771216
0.979218767920935
0.978418663749477
0.983660320362554
0.977870265213392
0.979013571788139
0.97780232978845
0.979665434530681
0.983623823072108
0.98041541254532
0.97822872594561
0.980732994258936
0.979954926877037
0.976458894604186
0.983822808274781
0.971431296583585
0.971887363956111
0.984834827056308
0.979101090877499
0.981451080828222
0.980110975473597
0.980054566986059
0.979161941128246
0.976096868267981
0.98056569465727
0.977615804958196
0.978618597338036
0.977991329407269
