0.948346704915305
0.943690696699391
0.780665113269657
0.948311256748542
0.78105639102905
0.944769720622115
0.784047830847327
0.780442009418366
0.782411748505775
0.949326211347077
0.78223920162496
0.78020780205464
0.950303086837162
0.950300389961268
0.781451649036226
0.948083003923491
0.780957238174778
0.779892072326606
0.951163002816312
0.783798580734952
0.784165148507664
0.950847827292948
0.95120265589925
0.94491447090516
0.778819256178964
0.78128415366728
0.942766845207286
0.951906656324988
0.947480827649927
0.784005892470391
0.953410539836688
0.779663248380295
0.784301955007018
0.780014180270792
0.784018108493071
