0.872904302165852
0.866157126149802
0.905021498122239
0.891106789882319
0.909447754132035
0.883283077158201
0.924690424488798
0.921610789378762
0.899012592079204
0.881763665010715
0.872910686096256
0.891542625808522
0.877178926127682
0.890762705178233
0.869984621871091
0.863173467638769
0.88141608541948
0.903061730588111
0.89241800913371
0.871964793621186
0.867810314988659
0.899796853966106
0.879453490940955
0.877609326683959
0.895328622548079
0.876851698069774
0.878080051021905
0.869518072194486
0.90194580020182
0.872740628340348
0.864351472227733
0.894001288336889
0.869428853311184
0.876949534667505
0.870011691285293
