0.989654732621606
0.989654405141244
0.989655057684522
0.989655195634328
0.989654812319857
0.989655571222159
0.989655589132452
0.989656966169371
0.989655430667301
0.989655510476206
0.989656458527332
0.989656300924462
0.989656009437283
0.989655474845663
0.989655335965459
0.98965559154205
0.989655188767472
0.989654960527942
0.989654341670492
0.989658582590372
0.989656874540558
0.989654818721356
0.989665376036722
0.989655408829924
0.989655075818819
0.989656224938019
0.989655111869992
0.989655824206015
0.989660431559285
0.989655529473263
0.989654804993531
0.989655540655171
0.989656138315567
0.989655574318642
0.989654668426555
