0.990239937664144
0.990239702352076
0.990239931966305
0.990239469353063
0.990240102564666
0.990239594069566
0.99024055262795
0.990240245396957
0.99023986282435
0.990239957888048
0.990239552917454
0.990240045977276
0.990240138883368
0.990240050987323
0.990240057566102
0.990239880673969
0.990240169417123
0.990240019511408
0.990240157722301
0.990239801019629
0.990239834276264
0.990239787494621
0.990241057627669
0.990241039481262
0.990239784437243
0.990240393637365
0.990248188988821
0.990240008681039
0.990240276338142
0.990239895628738
0.990240123678945
0.990240068688549
0.99024161717485
0.990239613445519
0.990240265064986
