0.874564311936929
0.866161757934707
0.905039153358111
0.891106438873071
0.90944714851868
0.88346371965815
0.924514293868557
0.921612016963502
0.899010311933395
0.881763963151241
0.872910050265389
0.891548361378818
0.877171894577076
0.892697175480315
0.869992453746773
0.880693683759463
0.881367420921953
0.903059366927081
0.892421875925622
0.872012743527399
0.867813403773703
0.899795555490782
0.910105945186241
0.879837720254792
0.895330940897562
0.876855059473426
0.878082864959494
0.871460318118154
0.90193631236996
0.872751273206432
0.864351849343346
0.894007410212595
0.86943169062605
0.876953189139511
0.873085322832534
