0.865842564703575
0.8791376953658
0.845297097827464
0.88078718505117
0.842089446732143
0.904833198141256
0.875070739875568
0.900582200124593
0.930164222474603
0.913620591742493
0.900512985560901
0.890211903791731
0.894445110123546
0.873434208629319
0.858669204253847
0.889116244985294
0.858835043821857
0.867768491166208
0.874410321507347
0.873066965557584
0.874309547519513
0.865967133868273
0.8462606661084
0.896753367316422
0.923955711091033
0.910849910609621
0.90632838621507
0.850710069347717
0.890131963329279
0.880791673312512
0.883243222320815
0.89497764611627
0.84594214093145
0.869938820650466
0.839015695141865
