0.889427637221227
0.881235541053631
0.8989811142108
0.889236553222292
0.881226261034131
0.893119684110432
0.905457240124607
0.881235640696721
0.902737840740028
0.87729719272634
0.902280008455554
0.906382044874108
0.885213895101017
0.920747119328933
0.885086595623847
0.897719441305699
0.889253701901136
0.901446391543939
0.885213352590916
0.88880212892821
0.8876440846129
0.898964976426416
0.896113636143012
0.893775209318953
0.885216708381147
0.899077688443777
0.88108564115739
0.885216605263505
0.881238628870496
0.896897304320416
0.881231522015554
0.896945982988019
0.89254217882301
0.900782248568511
0.88521916943591
