0.914998575587994
0.910567860750244
0.906948691784103
0.910558020570579
0.905722503086221
0.910046640015129
0.911955572295707
0.912782179902059
0.913498781288333
0.907834788857712
0.911403319047026
0.916757382244643
0.912210128221637
0.907255273445609
0.90981270589562
0.910699491908991
0.908724858385606
0.911039070794198
0.91131040651975
0.904958219490232
0.912959629182882
0.912945172798253
0.908950521246922
0.891123851918343
0.912833014681022
0.911708468585928
0.909902803375638
0.909194662754237
0.903860007339956
0.912098037630699
0.905122544537954
0.912562013516103
0.911171706555056
0.913056357159528
0.909310864952836
