0.919390537631356
0.918962521388781
0.919207074909036
0.919555371785595
0.919028885267611
0.920392614622179
0.919813672672754
0.918779394574514
0.919065370446716
0.919422084926899
0.918517100026829
0.919316651330891
0.919544209376331
0.919179543809253
0.919461946382487
0.919565183005005
0.91952914996535
0.919889982991003
0.918790289749907
0.918161809651869
0.918862392609804
0.91864522284187
0.918899877335004
0.918885090752923
0.918568509067036
0.920359673250518
0.91994576240526
0.918990986059214
0.919199740399789
0.919872628161001
0.9191995325938
0.919198278539
0.920869561610994
0.919535728571329
0.919781699553359
