0.998169685170351
0.998168520027901
0.998169783584648
0.998169050106447
0.998169791620175
0.998170324683089
0.998169301037225
0.998171893380083
0.998168201237248
0.99816960516905
0.998168589989548
0.998168990400986
0.998168985014061
0.998170457552486
0.998168360499454
0.998169124487248
0.998170644932877
0.998168610500774
0.99817174169052
0.998168915460187
0.998169354203916
0.998169611419843
0.998169002121277
0.998168605831934
0.9981683570316
0.998168626511946
0.998169593136009
0.998168874416585
0.998177090094545
0.998168180243636
0.998171680308687
0.998169165786689
0.998178179006007
0.998170006841273
0.998168481105113
