0.538012133594441
0.695893027557258
0.639226969138749
0.584440491573812
0.584257942954928
0.741390384094913
0.524347495665858
0.642520057339425
0.717359698689984
0.659376219048945
0.485362755815139
0.702062292989107
0.626073516695438
0.708651566345499
0.582329780453958
0.666162760230712
0.656477625028794
0.572981732420214
0.549541658891571
0.647748165341409
0.49966878964736
0.631791249867691
0.536395300994306
0.592477346006756
0.738437273970567
0.456096895267153
0.657289041450768
0.683006958942537
0.620037066683679
0.700005638131195
0.675752752576976
0.630239876593698
0.754700169448768
0.670112496320705
0.646401652355284
