0.495725178199493
0.49441358383874
0.487899125181471
0.495056258321761
0.495359789957819
0.496747526124774
0.495570690611854
0.494958104004671
0.500296317567538
0.498732532924731
0.492721771571599
0.494636690908959
0.490678480373898
0.494434178005686
0.499166020781888
0.489482619246027
0.489406356013043
0.492897122566464
0.495744340055302
0.487537465272834
0.490924510775174
0.491492819417565
0.490297875558304
0.491232657435767
0.495066124935033
0.491560234753995
0.497518529109779
0.487204985151949
0.495786024344682
0.49494871923678
0.49530024273096
0.496798058492196
0.492729941203667
0.488124896781307
0.495453447490326
