0.854380523212818
0.854633367653689
0.853249804635454
0.856109390576998
0.856912600024419
0.859193997414092
0.863362518746374
0.861568581613574
0.854239002541539
0.857498767076833
0.856268660413709
0.853702672359877
0.852409652457435
0.860780286591817
0.847235665388632
0.85399958885355
0.852638027792744
0.856685731229216
0.857717072131625
0.857710591649747
0.848242480881035
0.857419446347291
0.860996478829499
0.853512704562834
0.851428324988736
0.852368186027174
0.858512169062084
0.856399021633781
0.854329451928575
0.858090430397634
0.849754214872912
0.860631408780727
0.857067594141159
0.861046235996447
0.85255433885285
