0.992260123338305
0.992260179613106
0.992260255344078
0.992260222350748
0.992260084625229
0.992260096733685
0.992260394390714
0.992260237367276
0.992260443087946
0.99226012333702
0.992260118687998
0.992260372340562
0.992260315327007
0.992260053921974
0.992260354144623
0.992260235585042
0.992260510439646
0.992260323349279
0.992260254230622
0.992260018601769
0.992260276796321
0.992260145152796
0.992260591926908
0.992260310541666
0.992260292599091
0.992259863940511
0.992260201350452
0.992260234124905
0.992260095948584
0.992260389908036
0.992260386408615
0.992259834684394
0.992260099588321
0.992259932741865
0.992260306514038
