0.990239748606099
0.990239273961206
0.990239518459538
0.990239354310404
0.99023959468905
0.990239294161567
0.990239207068708
0.990239396204483
0.990239195783735
0.990240330530079
0.990239385225719
0.99024109474018
0.990239204176212
0.990239263719698
0.990239929358819
0.990239235202233
0.990239521995073
0.99024036953873
0.99023932209959
0.990239416312982
0.990239187193399
0.99023931955099
0.990239634479711
0.990239168184897
0.990239363480181
0.990239369743329
0.990239389095728
0.99023948086416
0.99023984205868
0.990239506178209
0.990239349071877
0.990240024022102
0.99023953431409
0.990239258033635
0.990239604534842
