0.323040565584548
0.243161206387445
0.1404899234688
0.22221959677495
0.185603337317423
0.23834210153493
0.265525453439978
0.247262758451185
0.378369702971539
0.181848676820371
0.305775677145196
0.0658918128734427
0.413421617841045
0.207861968365334
0.292407219288371
0.297690851103919
0.298930594014052
0.358671693680547
0.243953371051426
0.296454722573197
0.22242362433617
0.296791655656722
0.289419618421555
0.0960317069559353
0.288387856938874
0.278007215470416
0.181583955198724
0.196601182682391
0.239876625604037
0.275697289349329
0.293040206917803
0.375208915442092
0.217131644056483
0.322679785936911
0.291168054081457
