0.864044965218074
0.871094945038777
0.841999127106363
0.85605581099364
0.859300098704809
0.850700395070852
0.862928768529211
0.864838281935137
0.862901582778407
0.858976439696646
0.857603838902037
0.869050895956874
0.855848339063169
0.855970178388152
0.860727863271026
0.868082975578672
0.854744176629173
0.85292589471394
0.856270647227071
0.869517789891252
0.852068198645115
0.856329661638816
0.851855697551607
0.848236152565087
0.858470639642735
0.869659926593293
0.854090024792401
0.861790460162317
0.857345647942283
0.863565187442946
0.864511178661896
0.864762558855585
0.870691829132884
0.860301654664136
0.863965727667489
