0.828788215951841
0.829636022111765
0.830083359906412
0.828486483282617
0.829408347862727
0.829648043916393
0.829040763040777
0.832783293071295
0.83105311395171
0.827822856392855
0.828698337017946
0.827636484862541
0.82866650630257
0.827075868942574
0.831637650174852
0.828547244205084
0.831858207195292
0.830579156844732
0.828821869799137
0.828431704754928
0.827345645825253
0.830127282458828
0.830788889113735
0.830066366356523
0.828631757370429
0.828080244290079
0.828716811673987
0.828127821793223
0.829946766379703
0.82837828964209
0.829384154189576
0.829904812451572
0.828033956422374
0.838487709238595
0.827677101856427
