0.266761945300425
0.247315202672057
0.255390832256527
0.262493731951205
0.230427248129528
0.250030933630321
0.277224254796916
0.25229785541581
0.258693355629822
0.261407174848246
0.269623236527578
0.273893773704417
0.263324413932139
0.263358038469295
0.277073190307338
0.247751003651442
0.235133289211539
0.249792101922931
0.250485385534746
0.252319082671243
0.264332646707892
0.252426677530086
0.254252799898408
0.260143098280328
0.241607982950267
0.241945318477305
0.261024750440204
0.270435306569126
0.250187385589744
0.265519357836672
0.25717569584873
0.234829027299018
0.260382737294031
0.245921826062265
0.269215834182181
