0.86567731738062
0.870158642729718
0.83715960586955
0.861341480900312
0.840837360911454
0.901814322205182
0.869194772082914
0.869207029780518
0.923719889025687
0.895946740648903
0.897412472779576
0.885393627611644
0.885404014862035
0.863493035943101
0.856917825669857
0.883344730287745
0.854715758976827
0.867611056118424
0.874235534690615
0.859109581900203
0.863359865033331
0.865148851976538
0.844205061401199
0.896274886556174
0.89766170009194
0.907816808264667
0.880471189924296
0.850562198912963
0.880579817714063
0.861584285040535
0.882961201767637
0.881494592484888
0.83402782507125
0.867389671887062
0.834262102339944
