0.838902178724087
0.764332700729927
0.773577706235037
0.779104354953285
0.776868621791241
0.826429566731387
0.846834983915328
0.80776777539416
0.822192538976642
0.848746321805839
0.728571133291971
0.810928367687591
0.827923592259854
0.870738128413139
0.800640719940146
0.76565362650073
0.774500117287591
0.819161828648175
0.812163764781022
0.762162247632117
0.826695207864234
0.816619659548905
0.740793001909489
0.805115410411679
0.847433718570803
0.828825066318248
0.786684531237956
0.835109818613139
0.812051344362044
0.784590410016058
0.763859165964963
0.803972180727007
0.737905666791241
0.823912082411679
0.814230072992701
