0.874519429069709
0.873078648039622
0.868106950030993
0.869016293323687
0.869252507642641
0.872084952727981
0.867361220539597
0.873984113090389
0.871319674104532
0.869034214117744
0.871647962989514
0.874181150618507
0.870435460757143
0.870253200143288
0.876523017773062
0.87301684756489
0.866194785518137
0.867680118161888
0.868245174971629
0.876313272653659
0.871863621600174
0.87564686748632
0.871329582859158
0.877432640277411
0.869435938393905
0.869363837665319
0.870989392286733
0.877850355882582
0.87109178964909
0.871145477057741
0.868794683360032
0.879925580387738
0.874433353678934
0.870064637870544
0.873809626505195
