0.928034536829432
0.925656853587283
0.93074472197484
0.926779138741652
0.924963052372272
0.924271592087625
0.925961410570351
0.925904201987248
0.927978465246995
0.924044284014393
0.931320022368247
0.925102771707224
0.928950277994408
0.926343556650918
0.9305270297149
0.928876735990913
0.927667846059901
0.931596077320553
0.926203698878438
0.924838867321215
0.930703957195583
0.929386790998719
0.924392054131763
0.927007590239649
0.930255795901928
0.927520959980174
0.928032525161298
0.929339466478612
0.923479895122679
0.930388754095701
0.925406367244557
0.926608398557355
0.924389065904169
0.924505493588505
0.928870994925715
