0.75005106066241
0.623494741505229
0.734541973592579
0.670195719916541
0.73771548618965
0.572696241033776
0.701945992863391
0.613488922055374
0.718643153760183
0.689908230309422
0.548832190880715
0.670843210706533
0.659248010113785
0.690546644385892
0.733666496967718
0.656977602258806
0.727992175721779
0.675097925493355
0.726814006615854
0.697449510575022
0.679004795251884
0.664702270761633
0.709794398455667
0.626285013230238
0.766010221476459
0.624951846371441
0.745321576853022
0.585425406091092
0.642816412948894
0.736613090482043
0.74817778109683
0.739326333971014
0.685896634290109
0.660526055066955
0.711181440052178
