0.989655661682752
0.989654086075655
0.98965443080085
0.989654267391328
0.989654083505974
0.989654261835757
0.989654040332295
0.989654035034658
0.989655317912116
0.989654250161074
0.989702302140707
0.989655027368805
0.989654210354747
0.989654434743077
0.989698789799359
0.989654001050412
0.989662863119669
0.989654311320236
0.989654754796637
0.989652573191551
0.989654209810994
0.989654196505042
0.989661371860151
0.989653807777285
0.989653923876364
0.989653920036977
0.989654013722041
0.989655145556691
0.989654167710106
0.989655439965533
0.989654687446016
0.989656694289606
0.989654973087981
0.989654133537789
0.989654322040159
