0.938346463366816
0.920757307186648
0.919796844047688
0.91168689542849
0.93543049624133
0.935152093571919
0.939733153138885
0.939628495184952
0.916007279506364
0.943621683381348
0.925663981414403
0.929701720355876
0.935525185283892
0.928865489031002
0.914498045243161
0.924001369076086
0.938179110148806
0.93725626078775
0.941129049075473
0.938987362846052
0.931889505725916
0.902196674682085
0.933045620744154
0.933895395316098
0.930277045313032
0.937653258106019
0.92938490277478
0.937700444578669
0.936901952371599
0.928480802535141
0.929580496239489
0.929060293817083
0.934648111310808
0.939860441055694
0.93621514278337
