0.994373864038755
0.993907191990219
0.994213886484315
0.99417249808442
0.994334369388542
0.994400077495299
0.994254657749905
0.993925747125269
0.994406610427183
0.994402069406995
0.994229577236966
0.994124608259083
0.994375145705863
0.993990344985239
0.994194526508476
0.994308863632584
0.994294388894075
0.994365110311018
0.994404008471033
0.994454882639619
0.994340451902157
0.993366799475201
0.994086273660702
0.994004042340799
0.993989557904884
0.994122450634389
0.994301582681282
0.994439107611245
0.994256484805936
0.994247096690347
0.994420172265412
0.994185732302412
0.99407738864227
0.994251311904998
0.994029224611865
