0.626694738145861
0.647291921334761
0.652652407243748
0.629976857281406
0.647744414694149
0.633498602110712
0.628465369645727
0.641194098287332
0.64432640377719
0.639993590977711
0.643515014373948
0.637235989112559
0.658708781883344
0.654206109664567
0.632137347953679
0.627760876305454
0.644846377839585
0.648968197105449
0.632618470498405
0.632619722726491
0.641592469768528
0.639300515687212
0.644022992205277
0.649835917947767
0.626602573211112
0.635349217407223
0.650157177926276
0.652278848837918
0.626672989471258
0.64313138487201
0.627487362943032
0.648878539442543
0.660081085053686
0.641761853630132
0.635369322769141
