0.874561178367666
0.86615802974469
0.905038710790361
0.891106776279874
0.909447007627284
0.883457038397495
0.924515591619874
0.921612064502423
0.899010829461657
0.881764395565224
0.872910018587496
0.891548095725577
0.877172862500257
0.892673933797849
0.869990187470752
0.880674681831858
0.881364284181367
0.903059306777655
0.89242028130749
0.872008855436013
0.86781298620231
0.899793590014887
0.910106042018896
0.879836359873759
0.895330026718742
0.876856119818678
0.878083299628823
0.871460413749528
0.901935539006573
0.872745993440058
0.864351919572931
0.894001871532519
0.869429983302163
0.876953273172637
0.873069475190398
