0.833379973092808
0.840250343393102
0.841373967453978
0.850536976498715
0.833323523547052
0.8392000874961
0.830664394851765
0.867771435586913
0.848460589830001
0.839627128968908
0.865135386220301
0.827732360164876
0.836676799642766
0.843168679763926
0.832112986985258
0.83558275251443
0.834566507049885
0.838457344786209
0.839469745330778
0.831914716421192
0.839537896346468
0.847874324883376
0.830352566879021
0.839111302513426
0.841854819942258
0.829678163336994
0.832311745015597
0.847029358596381
0.866391966232882
0.832996460893472
0.863035583125907
0.846810401649588
0.846119466726983
0.840936230617929
0.846029840105926
