0.870466326346413
0.87011185140536
0.862965714577885
0.870710750475543
0.872534615378237
0.868346336888615
0.868280255487053
0.863272544256481
0.867215232826642
0.863860104451386
0.861727811771118
0.868506881238364
0.868067150061717
0.874572112774792
0.861853175605476
0.864167547237579
0.864686752926164
0.867052469149788
0.865705261311707
0.870231947800275
0.859509485936277
0.863602875099102
0.863677062082705
0.873126454791356
0.865030002601478
0.86753069719029
0.860103139669115
0.872133925147788
0.866567784363163
0.86923667059462
0.869182615450405
0.859855667951479
0.864249196847851
0.86542175837621
0.864728483748598
