0.985925905080821
0.985928152798005
0.985926348251924
0.985924524790981
0.985925913538432
0.985926601474637
0.985924018120612
0.985926948140525
0.985934307322642
0.98592735766427
0.985922187519255
0.985984354181079
0.985928006800197
0.985924862858833
0.985924500780214
0.9859239585174
0.985932628650935
0.985928063763554
0.985925917448679
0.98593134101393
0.985925377668774
0.985924942003737
0.985925384325594
0.985929314667984
0.985925043721646
0.985927823236681
0.985928415211714
0.985925738315071
0.985926052919223
0.985929856894523
0.98592449567529
0.985921961170773
0.985927011398469
0.9859264315613
0.985928362535957
