0.800293346930199
0.816601655472025
0.799764520610372
0.79806147058572
0.79865936608866
0.799756814938661
0.80738726643485
0.82627048708244
0.80404252943469
0.791637483975959
0.794168493172204
0.800481429670914
0.807798846955398
0.802416516235353
0.800825776745034
0.795328675102671
0.789593558458017
0.811763629124591
0.79250745135752
0.825689464074928
0.803681901666713
0.800108231347201
0.807884558043964
0.797204872917843
0.821876158996721
0.806089092276325
0.794845319693586
0.792049896501241
0.799306388759486
0.803992162780551
0.815524730637192
0.791663939892223
0.808732450698156
0.791035610885034
0.797826105965163
