0.990240662884438
0.990240171638315
0.990240413041583
0.99024071678897
0.990240938316922
0.99024058042711
0.99024071525557
0.990240630226088
0.990240935904946
0.990240257489851
0.990240922674369
0.990242239280496
0.990240188609351
0.990240639341689
0.990240060058171
0.990242113049437
0.99024044664447
0.990240439785392
0.990240762567191
0.990240563439586
0.990240688558871
0.990240252468014
0.990240252493936
0.990240887203609
0.990240086316756
0.990239825080578
0.990240521583193
0.99024140225158
0.990239869954305
0.990240339893003
0.990240241199541
0.990241870261163
0.990240257706552
0.99024100774625
0.990240956701237
