0.992086861024622
0.992086694675978
0.992086788471584
0.99208693784077
0.992086735156977
0.99208676342656
0.992086945139246
0.992086768984044
0.992086832938271
0.992086640271803
0.992086984976082
0.99208679154852
0.992086918446297
0.992086838319571
0.992086943283213
0.992086991445863
0.99208691449936
0.992086710682739
0.99208707200022
0.992086775458382
0.992086821749015
0.9920867868187
0.992086841994394
0.99208664383811
0.992086682791194
0.992086864613714
0.992086916836347
0.99208691308075
0.992086959443474
0.992086979407573
0.992086760593216
0.992086807012705
0.992086880082993
0.992086793617106
0.992086603377643
