0.988266130483451
0.990707658322724
0.988330495033603
0.988557464939929
0.99010902493738
0.989696445454425
0.988336065905023
0.990173455230139
0.987394448281067
0.988134612793118
0.987755712866417
0.99007226579156
0.988478550415839
0.990091317819039
0.988348033020743
0.988849655219679
0.986882860841411
0.987595607539729
0.989406127858756
0.988906303190577
0.988687891497477
0.987506230444835
0.988660825003823
0.990479721036084
0.987709808867883
0.989297685821577
0.989832115618578
0.990154905123688
0.987823171088704
0.988748242566179
0.987661603226436
0.988508168434257
0.986355154427698
0.988846143617424
0.988950392966642
