0.743751828007184
0.748227731324993
0.756530419650984
0.744658887779087
0.748481131035658
0.751338114571326
0.751446036410593
0.749951767961551
0.75230456029345
0.748174890588103
0.742099299341957
0.749197641755343
0.74297679225724
0.757216300344809
0.754519229895708
0.748084529779018
0.743878644581811
0.736297486850588
0.750001549514138
0.753188219689788
0.741305720098323
0.753421151985973
0.749131637281906
0.757287961243572
0.751393771783975
0.75375309094656
0.749564709337214
0.735716533864678
0.743791266268491
0.749544312912422
0.748577531062796
0.749631817331143
0.744141925373883
0.739271244793709
0.744404574056186
