0.992259803803196
0.992259825836447
0.992259873996074
0.992259919592376
0.992259647473477
0.992259762699122
0.992259804826616
0.992259851869559
0.992259876779103
0.992259766088148
0.992259883076947
0.992259962978438
0.992259740477246
0.992259678481889
0.992259613943418
0.992259609093085
0.992259748733483
0.992259731697823
0.992259794538338
0.99225965517081
0.992259997704589
0.992259731326593
0.992259863268905
0.992259756092487
0.992259697310303
0.992259921068724
0.992259844083033
0.992259550040752
0.992259700615304
0.992259800331406
0.992259656612983
0.9922596836425
0.992259577629321
0.992259948018776
0.99225994827945
