0.898771910913459
0.896347375575687
0.896402746293754
0.894193998178388
0.897777841240459
0.893005835937139
0.894559971355593
0.893410804560088
0.894102900437646
0.893767743594195
0.899016430540492
0.897222461121156
0.895560407585527
0.898418630691731
0.893640101595642
0.895780011254797
0.89739994246238
0.895053394214007
0.894436050131201
0.896977011169511
0.893810190325879
0.894330624492744
0.897041820439213
0.897004870903905
0.895672802646624
0.895387133338197
0.897957992826492
0.894648173124277
0.896238121934143
0.897669647891491
0.898451867982758
0.894259118313127
0.899719395994144
0.892183437798111
0.897200696999593
