0.877195980990885
0.876833311885464
0.879231212887344
0.879114622253871
0.877279766778231
0.874889583507626
0.884599997851564
0.876622391950741
0.884251503490986
0.877205328139911
0.876309001597532
0.881401923998741
0.8773270903057
0.887660841359312
0.876394183415781
0.881234248994286
0.880196440871499
0.883208468840789
0.877132738325535
0.878486155859623
0.879777640990826
0.883535364949151
0.882059816475617
0.8808536695234
0.876793286781489
0.87711998456948
0.876947227181473
0.877239443587124
0.877234121703868
0.878664540926813
0.877509942248354
0.87827096929259
0.876475309957551
0.880368287031692
0.877080044441863
