0.440235282471634
0.415117010397535
0.590736815001596
0.429143305715833
0.505106650366367
0.181676349822341
0.585516126767787
0.461017040157195
0.474602998712255
0.342805272439012
0.396504576308385
0.362307600345983
0.530689235016353
0.470075131065282
0.554717241016079
0.543138956277998
0.589664091180456
0.516483321608322
0.525237523134102
0.332644206408234
0.401363430998119
0.413596959008251
0.639882981777209
0.495891491446701
0.531762758740821
0.508307664052156
0.438932495983336
0.518903669530581
0.436234014345178
0.356972675921376
0.368987356054132
0.554721759659041
0.444442657192154
0.488494634409473
0.541201320964627
