0.930375903106292
0.929051848392415
0.930022685300789
0.929844973396657
0.929886671645761
0.929916929359904
0.929973568803416
0.929526151480373
0.929596331858586
0.929594066980011
0.92984558531888
0.930449536976623
0.929909828499598
0.929996825543692
0.929883157410144
0.929965740312086
0.930122424887496
0.930033413608964
0.929924630388991
0.929851263266695
0.930672658487976
0.929763732615564
0.92916638189886
0.930088435567809
0.92888415276231
0.930000088951836
0.92985181572992
0.929875391511782
0.929846922704829
0.929348889138263
0.930034800879184
0.929907591527236
0.930048867630262
0.929604470785618
0.929960962018498
