0.86580153739527
0.872134903752607
0.841626037263689
0.862308298185806
0.842063001275061
0.903070301500732
0.874986611514089
0.885767887152525
0.926006075682768
0.912924224592337
0.900482563452437
0.889549001296266
0.894428696827526
0.863625111313293
0.857089960592641
0.88348123146397
0.858813525990437
0.867735361177666
0.874351572430108
0.872999914967094
0.866573396135971
0.865922380147899
0.844293720895968
0.896738458772999
0.908293729179509
0.909344618552853
0.900740743081559
0.850667579466423
0.888511550789186
0.880776234832703
0.883233563975239
0.892903045062241
0.845392666303008
0.869924958696325
0.838090829403756
