0.930164454411244
0.929580801861996
0.929994760858466
0.929859522192564
0.92991786945168
0.930064469313929
0.930788508481014
0.929992576250365
0.930001614173041
0.929095282195807
0.930047754544276
0.930061171268845
0.929405799978322
0.929970144955167
0.929878000936959
0.929914258698825
0.929718908788068
0.929966169456078
0.92920038404347
0.930995596537482
0.929929925387822
0.930123092316143
0.930428493708618
0.930008426584465
0.929699943398985
0.929944289907995
0.930005174619012
0.929996800126212
0.929837470172227
0.93022560260607
0.930051619190018
0.929888264829153
0.930311911608424
0.929613311090526
0.928850228763649
