0.764363235233191
0.762002881046602
0.844308101072291
0.841899524352168
0.765374765581553
0.765793867513848
0.765340063999058
0.773046225581341
0.762822076796527
0.860674534836937
0.760619075565503
0.76259682811507
0.85655365424681
0.764709945914303
0.764480838756711
0.76446663192291
0.765465283510687
0.857239334251398
0.764834378763564
0.856136056478113
0.852619044172468
0.839267959650598
0.764116256080757
0.764528081189998
0.76564877574327
0.849496063112334
0.850741983919851
0.816858992734248
0.855483571638188
0.763951119180804
0.853269536387107
0.764771919795584
0.841622919588136
0.77204841281447
0.764319383293008
