0.905997684263691
0.901712491525012
0.904847853085402
0.901023813986427
0.904098021612918
0.90402632777964
0.906028749767263
0.899429954000196
0.903910549253462
0.902999488526124
0.902974309507899
0.902683725197437
0.908180406611463
0.903295443711606
0.903597155146801
0.900112608801769
0.904439219713257
0.904718373424806
0.904573651324269
0.904212349977444
0.906005738498051
0.903341977997474
0.904039560515674
0.904752895622793
0.903968709254236
0.902164625908517
0.906781847620567
0.90391044493777
0.905938056294684
0.904012827079424
0.903469121469408
0.903434542156249
0.908371914085402
0.901848023857608
0.906427270807253
