0.82892020487985
0.831872181769541
0.82984013462391
0.831010093861718
0.826075330952957
0.826724186045931
0.827158694329799
0.831228477067942
0.826548407778625
0.82979119610572
0.832450876803056
0.827121073661682
0.827635731135674
0.837700284188879
0.82823164554583
0.830913594867408
0.828000695939678
0.827279843877436
0.833268804520119
0.827734733767056
0.830411322423031
0.845133264770251
0.827464128054205
0.834128306564999
0.833386276497572
0.826955695228146
0.824948644383167
0.829714311831781
0.831718555465874
0.828664533687903
0.835310745912741
0.834135854756729
0.831503491126147
0.831354705428118
0.842580158737564
