0.329548045824725
0.307715578451814
0.306928149919375
0.307912500162525
0.259112931019224
0.317374493553596
0.32137003805421
0.307956981538098
0.316956968908323
0.316612885013898
0.323085409853859
0.328667129299931
0.325564777488372
0.326435425677917
0.322696387316926
0.300376309275962
0.278707263762786
0.333589627681768
0.31335290267815
0.305073757988781
0.314308152679879
0.310899006342445
0.323391190005137
0.322806025635255
0.311210701853135
0.292393231024375
0.319060245191737
0.318628294567282
0.302695142557179
0.319345173808444
0.318254218716139
0.303216186762103
0.296886458822079
0.319676474480818
0.312094985074377
