0.802761490946309
0.837461731998133
0.808300287108299
0.801148481008177
0.80208474618563
0.806684768147976
0.813436848308145
0.847634712393525
0.812607825372949
0.808800830566905
0.797497797523873
0.804150439441863
0.816171639265838
0.80667964557744
0.803914440118111
0.799808467410805
0.800057407696987
0.840766020745677
0.800561947451759
0.863213060418098
0.806797716556531
0.800368983350629
0.813668110154302
0.798862636036763
0.843035602612576
0.854208824344205
0.799898577474877
0.802273489981165
0.803999033423715
0.805666120766526
0.818249762766441
0.796061193938793
0.816186873473338
0.798722200494807
0.801625405431099
