0.988877736373496
0.988834557534608
0.988877930750993
0.988878082935387
0.98887809619953
0.988878636912146
0.98887977189652
0.988877184571804
0.988876684616598
0.98883405560501
0.988879186994618
0.988877251840252
0.988876647333707
0.988876914039765
0.988876411348012
0.988834510294919
0.988835296629449
0.988875104841476
0.988834486475384
0.988877561929821
0.988879917460976
0.988879326444899
0.988876513550177
0.988875684371584
0.988877715972504
0.988878722650522
0.988878504792858
0.988835430495741
0.988834633019929
0.98887900558135
0.988833387260001
0.988876990323052
0.988877819619511
0.98887953891278
0.988879743927717
