0.768986621214121
0.771163277682197
0.763141273767419
0.765434033460507
0.773896090566694
0.765524342610098
0.770049920809472
0.772943183187511
0.775740190856874
0.771061975344373
0.775602029421478
0.76505671194921
0.774839732064207
0.777012074474534
0.76797671158885
0.773548924620856
0.769374125276751
0.715936997146256
0.765430448139211
0.747087675342684
0.776698267026549
0.777259553487186
0.766785658103563
0.767295660625939
0.777026483612578
0.76758564785611
0.775872424799792
0.776023380372753
0.768008507726546
0.763981402594483
0.762624741153452
0.765761606292646
0.774006167359544
0.769662114163581
0.773286306640587
