0.982855609989015
0.977304384946234
0.980089872192183
0.982111511915812
0.982444618181076
0.980658634920058
0.980512870049649
0.979748784234771
0.98141319251293
0.981358849795708
0.982411974402907
0.979572513149002
0.983829489720722
0.98093701657447
0.984335249221074
0.981838854149702
0.980419778002677
0.980390022322252
0.975365935860695
0.980362958290376
0.981620999148523
0.983380989376943
0.984553420299843
0.977380433505725
0.978703074212394
0.980111967642437
0.97787665164547
0.983077031491801
0.982667029069566
0.981228986694737
0.98162555308122
0.978636614565128
0.982872089352733
0.979792528017337
0.979065987430946
