0.824850266405278
0.825937778176262
0.827897712017767
0.829287570403048
0.82403624426288
0.82408378869249
0.824557710374732
0.829017187479915
0.822688462140771
0.825694396181369
0.828137190107199
0.825417493387288
0.825558530899725
0.826490444720996
0.826098198603244
0.828103725293527
0.826449694285942
0.825386433589612
0.826068577355344
0.824795759872245
0.825537310910823
0.82564228486644
0.824972237332986
0.825498255268218
0.823571919179284
0.824496878992855
0.825163768016243
0.826402746852207
0.825725162518062
0.824720583407793
0.831693081304138
0.825551031749517
0.829150119796585
0.828889478484571
0.824082852028781
