0.992878761318606
0.987223376993724
0.991457476401612
0.993167863082598
0.991095221953178
0.993387820391304
0.992663489614921
0.992615525449512
0.99225034630265
0.992188908402532
0.991298059582809
0.99265179543659
0.993143027908575
0.992422177212055
0.99370880871698
0.991895420115118
0.99298841114797
0.994047777266279
0.986784763617956
0.993384977913789
0.993514021952154
0.992984842821669
0.992715305538898
0.992907255716072
0.993286648857652
0.990639016711479
0.993124564044791
0.993265420901378
0.991219494929091
0.993356671911582
0.993046718456031
0.992641024710867
0.992565688612566
0.993119791280803
0.99225611230592
