0.929365476345879
0.929865584732958
0.929895179689761
0.929858785256976
0.929854981720544
0.930688429632542
0.928373222643473
0.930180687610031
0.929569349121973
0.929528294495534
0.930029944225632
0.92989792613818
0.930144541909205
0.930131332465741
0.930054139631033
0.928828310093027
0.929864170843846
0.929888934159781
0.929886310637255
0.929538080977655
0.930624583577241
0.92987057340475
0.928349377881963
0.930069655323217
0.92858094794322
0.931324312600974
0.929865183273826
0.930157551616821
0.929910268865724
0.930058994148406
0.929884266402245
0.929865010495254
0.92997734485632
0.929946164877386
0.929864720401012
