0.990263476271756
0.990282569160488
0.990271105521407
0.990282099191168
0.990306304483721
0.990292806876009
0.990286059691527
0.990284440485118
0.990281286482299
0.990303263512004
0.990263952442982
0.990282930284344
0.990291495694489
0.990279492359982
0.990288402259778
0.990271442744486
0.990281760700855
0.990319785867075
0.990279831952646
0.990275116122243
0.99027755248226
0.990294043377905
0.990278095451765
0.990300691126957
0.990282405663813
0.990280160783248
0.990277967746193
0.990283713133138
0.990283538888536
0.990278127829817
0.990340629460067
0.99027861237703
0.990292898517247
0.990271897846189
0.990281765454159
