0.929580833687522
0.929940871490336
0.929979994522674
0.929537658129776
0.929915228758155
0.929257964022387
0.929405271284511
0.930103271768993
0.928909499598007
0.929925645476942
0.928558117752273
0.930120826881738
0.930159094873659
0.929965850569165
0.930007288559065
0.929278132103464
0.930013701973356
0.930096850384233
0.927125016510431
0.928909866039542
0.927245326236626
0.929094029071362
0.930103930811905
0.929987162974835
0.929303270362036
0.929645787589682
0.930152506592959
0.929906765090544
0.9300622335565
0.929598911509993
0.929856692902666
0.929947060491321
0.929695398658625
0.93045166968664
0.928871654994138
