0.748650604373712
0.718820377369869
0.789882172782182
0.801401656441013
0.73300224123905
0.774406522588176
0.790073480192128
0.807960998579836
0.757464268340356
0.796837477394228
0.748299655201935
0.79444636393707
0.782955510521252
0.7998080008133
0.813739266077187
0.801619864213567
0.738453003118531
0.808991168984788
0.805036762568219
0.740360454667869
0.763698368099121
0.781563439525736
0.788253334786111
0.797342013518614
0.749254543452481
0.816150295439127
0.753179241417453
0.734826599723895
0.795616382387823
0.72633979134922
0.762450136632835
0.809775916988072
0.771208503894334
0.794279654933977
0.77975627660451
