0.921581374905259
0.91942500873369
0.919930194441575
0.918305080617193
0.920482714884043
0.919663989474164
0.918572552050965
0.920153703636213
0.919483765264699
0.919634863110631
0.920347703937898
0.919886379115257
0.919325325677912
0.919577969252394
0.920061520006888
0.919605302999648
0.919111484671195
0.919265590253577
0.920069766210885
0.918773506480567
0.918956024833356
0.920034601207777
0.919583501978386
0.918694834596292
0.91896547120263
0.919187031196656
0.919763727654116
0.919031757439873
0.919297819667565
0.919466692297876
0.918682616603999
0.919190718556142
0.919274034693982
0.91980717202519
0.920923294331717
