0.985922408063195
0.985922491605019
0.985922274438799
0.985922146001641
0.985922148118839
0.985922794202426
0.985921844880786
0.985922073038148
0.985922435188441
0.985922412964041
0.985921960782654
0.985922460685897
0.985921601485481
0.985921950213949
0.985922130629003
0.98592371038177
0.985922884568168
0.985921572123989
0.985921847536755
0.985922258214757
0.98592197540388
0.985922033533009
0.985921866701473
0.985923135036812
0.985921990783844
0.985921699148423
0.985933749908211
0.98592233405122
0.985922578947799
0.985922532089471
0.985921320560994
0.985922578863935
0.985922518691099
0.985921642171705
0.985921522791486
