0.474374962579584
0.477064981773108
0.472863812008761
0.461617324175282
0.454723000431374
0.481392594386497
0.475269678053779
0.471244983993366
0.4630948181871
0.430382836824239
0.465358011198129
0.46233092400062
0.466639897019466
0.490645893174071
0.470289896568724
0.451642728492901
0.467070644251627
0.456463019455869
0.442925313424374
0.457345210464969
0.458895275729287
0.457151146232428
0.438341140413274
0.436701752894611
0.458840115404119
0.446522964084993
0.458212924912669
0.460138415133673
0.474304185262135
0.453014263434234
0.466076682855241
0.45884230211708
0.460661093881173
0.460226924153802
0.448799925636321
