0.224394994192975
0.216799797156735
0.221276257759091
0.214651948980205
0.210318693308895
0.244616989523331
0.195609670266126
0.207126019062664
0.228268831754141
0.211109753761791
0.213566855978527
0.228553259019576
0.220822975304745
0.231625487231073
0.233424584199905
0.218855869179219
0.217611169975859
0.201843624732583
0.207563969762072
0.2132706430434
0.206708996846227
0.230611137067621
0.21899717198694
0.213224392294852
0.222591252152856
0.204677092890519
0.22081859506306
0.219729811139045
0.208523656524362
0.218449192315203
0.208185411138876
0.210580001421135
0.216510829318942
0.216877027428524
0.208720772738599
