0.94333069672572
0.942296147148304
0.941300793356404
0.941460128310948
0.941812934646926
0.941910709663908
0.939350931722054
0.941877220661547
0.942317140656063
0.943705726813122
0.942436640088381
0.941721714843338
0.943235170528076
0.942915254810783
0.943482231334549
0.94386264157714
0.940690644371875
0.942974805540086
0.941236217926079
0.943517517971354
0.945031667861364
0.940706549413033
0.942180488591144
0.944610854502982
0.942205205711436
0.941978045120892
0.942187478613184
0.941902904577913
0.943867813751973
0.94268495626345
0.943204565832796
0.942666436222097
0.9408487148636
0.942268569177107
0.942786001546673
