0.932363456455688
0.930408962276529
0.932403637452582
0.931936572398809
0.931210827607901
0.929743274507711
0.932910571486964
0.93110600800783
0.931470760772776
0.931131349119373
0.931973278467789
0.931275937127762
0.932999803083238
0.931153006454373
0.930685236182862
0.930988544057671
0.931922775736541
0.931552100793639
0.93267365889664
0.931386393636114
0.930916340398339
0.930683493647519
0.931375175458121
0.93103725375515
0.931002483057473
0.932214667014702
0.933274450140706
0.930303187166197
0.929999334825884
0.931428697569561
0.932143931138574
0.931431413907692
0.931443620780081
0.930350745237519
0.933054450320649
