0.959006596544822
0.95983191118764
0.962828114154757
0.964189731408774
0.958654240069989
0.960471899885312
0.958417464394251
0.961183692108302
0.962119772618897
0.960223717999043
0.964212904041819
0.955311426437269
0.955495176805314
0.964164947600087
0.959368755362127
0.965447645445926
0.963986303008919
0.968502750995738
0.960693193926989
0.957898704146253
0.955410973971387
0.95843591852859
0.958826167083316
0.960360137886442
0.959857251851686
0.967653966825984
0.959425133884079
0.957205913862666
0.966870539600996
0.955976085719864
0.95569100876387
0.958300037067102
0.964282704286454
0.959664395655809
0.965569337674248
