0.963128698581023
0.90865288200332
0.967910119655021
0.940373851967004
0.908579490618323
0.971801259386839
0.962447732583168
0.953743698135574
0.911574334660724
0.965174447773965
0.884508118750625
0.9207270503591
0.897965373912782
0.963411991903421
0.949886593232758
0.965249934623156
0.86913282204988
0.974543228603324
0.973576873291255
0.895552082210505
0.965600554083752
0.942197375918371
0.930206315417929
0.965531527180425
0.968532225561223
0.974502298509909
0.961095735892298
0.961439734539629
0.964237466519497
0.964755405054239
0.965346370124385
0.867248298133845
0.965518130011585
0.974398172809938
0.970265636614615
