0.834170981217887
0.83973561293022
0.841057034308026
0.850144743321174
0.833054865962365
0.838935427353465
0.831617933927924
0.868037704678027
0.846359582495753
0.838543535887328
0.865269697014735
0.83536675371671
0.837827047176775
0.843546365460325
0.832517927382984
0.835096633308437
0.83478532848495
0.838447583407943
0.838875427565786
0.832906791291617
0.84014600906226
0.847456402649041
0.829139492975769
0.839216413188777
0.842178777106568
0.82974749167324
0.832565692193715
0.847438807538013
0.866270234437452
0.833510417589599
0.863029542628056
0.846606797967187
0.845546080408729
0.840706492210544
0.845948041859792
