0.929003793062169
0.929838351234393
0.930241316308925
0.929904109794076
0.930127996134647
0.929916331689402
0.929028897995649
0.92998990668022
0.929943944957086
0.93004090476122
0.929891976669802
0.92988088172002
0.930055864391421
0.929843539007975
0.929898371722148
0.929925492289498
0.92985791280188
0.929965519088215
0.929875964938528
0.929906487011826
0.929848424877563
0.929931271219674
0.929688369421061
0.929992120102146
0.930027661637051
0.929551592350017
0.930049351754661
0.92988323887526
0.929880969341603
0.928975079046549
0.928935185674804
0.929661393851624
0.930024628867767
0.929877161831852
0.92892422965946
