0.985952373862999
0.986068773564737
0.985977360081984
0.985984673853643
0.985975838072303
0.985965485023285
0.985971278361312
0.985987932231379
0.986004201752165
0.98597706118087
0.985987321257265
0.98596921473263
0.985980616922438
0.985946175467552
0.985972564033892
0.985959352363647
0.985961964055821
0.986004815726551
0.986005479895017
0.986063876379491
0.985950932410392
0.985962375536873
0.985957537883425
0.985975085360256
0.985966766828929
0.985975531096841
0.985982146577662
0.985983894214731
0.985978255386927
0.985971586139269
0.986006727237707
0.985973730883954
0.985972197811592
0.985981615682452
0.985981649589625
