0.833424875886233
0.831456538872008
0.853871858086099
0.825123746661009
0.863820826456812
0.851174953410444
0.8568568852895
0.846845950719082
0.838590260774142
0.865224076065556
0.858963749999391
0.869190014471454
0.861027276073044
0.866387298099921
0.865718912399338
0.857039524460052
0.879776635409168
0.836362410596023
0.863489366081373
0.868371346295162
0.856277761123066
0.843142874136759
0.868486433356324
0.861772461139263
0.831989928198941
0.86516955284556
0.852666760935548
0.86535689792405
0.848151714028495
0.875420639438772
0.845640486554741
0.859070960262009
0.828834635467264
0.844219534129874
0.847913600046359
