0.986019543217783
0.985951657772665
0.985992914741109
0.985970354861219
0.98594176290376
0.985949005148222
0.985973648430971
0.985961849452959
0.985958282671257
0.985969097611245
0.985985095358173
0.985966585950352
0.985965108718032
0.985968747144845
0.985989637453154
0.985960761067047
0.985971138534817
0.985975659567003
0.985950792932233
0.985965154041986
0.985958252488932
0.985992794959537
0.985968134943005
0.985963989357794
0.985973833440868
0.985992592391022
0.985942384962268
0.985982364932945
0.985971720383081
0.98596964240165
0.985949527768996
0.985969734105951
0.986024534888515
0.98596938829312
0.985967892434244
