0.234307830498034
0.322845283140919
0.46572429517049
0.260138276873857
0.210375038894574
0.309322544867799
0.33279364205915
0.387381284018299
0.23849698141876
0.398033584223321
0.230354377793975
0.475886901451105
0.52598249552072
0.440760071560143
0.271050904656256
0.111851471392126
0.341965813819578
0.480853056443967
0.368282466544066
0.36947931175276
0.413709010373714
0.392385548049472
0.444862897236871
0.247178384178347
0.414651982609159
0.258877219415894
0.28216639961911
0.5065418854683
0.361882821079274
0.374402429877188
0.44918978476273
0.373126341329516
0.406937336229125
0.303905807989238
0.413377341025841
