0.927994492109626
0.925159341913971
0.930674565058834
0.929666314789186
0.926540301702584
0.928863581256161
0.926739523536481
0.925733305841043
0.928179048357243
0.925438231969869
0.932347931149777
0.923119371646831
0.929577979794899
0.926846992831585
0.931324474439864
0.929589490035891
0.928664073562667
0.926813220426353
0.927098460204915
0.925994416956996
0.931311112739018
0.928382753719649
0.925412814460698
0.927072219248848
0.932761811490063
0.929436198792875
0.928198626398391
0.93075848310825
0.926419644063605
0.929612379338246
0.92432578967622
0.926851040299862
0.926953647534724
0.92723256682587
0.929549095068772
