0.821785178236974
0.820435412382823
0.828413051002749
0.825981521294335
0.816318792548331
0.815667412539781
0.809711374884873
0.822016027969857
0.820104145019596
0.819422605351839
0.827981869638275
0.823763434920204
0.821218647996681
0.823226066192485
0.827922194852452
0.824538114669535
0.816574687972458
0.818863574581995
0.821904001586502
0.819421721862553
0.820558883190672
0.822113100249519
0.817655481223846
0.821808737680484
0.817672513099267
0.821139403342106
0.826036272178132
0.817913508347068
0.817985632047281
0.820174874732766
0.827658726824825
0.821868817254767
0.822448272812731
0.821275210810649
0.81591221958341
