0.989654318112781
0.989653836046358
0.989653813341482
0.98965400491147
0.989653676346326
0.989654011733797
0.989653807896415
0.989654070717059
0.989653717439964
0.989654505301954
0.989654076466919
0.989653779008715
0.98965412599437
0.989653996217604
0.98965483197499
0.989654110706361
0.989653555878553
0.989653914522818
0.989653935123294
0.98965411006826
0.98965396279238
0.989653687489265
0.989653793035237
0.989654025938598
0.989654119154618
0.989654064159632
0.989654372083619
0.989654832185635
0.989654052970761
0.989654422301214
0.989655762611342
0.98965388249494
0.989654207476111
0.989654184376131
0.989654292852569
