0.761222478662564
0.759486648522836
0.760713332931471
0.762207901875226
0.763849638492455
0.764494357970492
0.761401647793783
0.761287379287411
0.756790504166526
0.758429017537158
0.757279403994086
0.757962894271927
0.75882467567541
0.761546772266466
0.760633309922318
0.760000976003145
0.76284442695296
0.763277918698987
0.761389608867356
0.759268795690513
0.761455992290186
0.763363620750935
0.758417774605032
0.758932759221666
0.758596942036614
0.760678780536884
0.759033804222829
0.763341133155103
0.764742681884027
0.761151282526603
0.764049885773969
0.762477378370481
0.758826828030599
0.75638443271198
0.762454985448246
