0.656753874696558
0.642589366047916
0.652087787711153
0.652420908123528
0.64939523292143
0.65598483848407
0.64880857412056
0.649480729827793
0.654695107573328
0.653416363273011
0.652253027262555
0.651478876268719
0.648829280338207
0.648168982040062
0.651616848580433
0.656380081403964
0.650802866038339
0.653125540831831
0.652145514240262
0.654247528999751
0.654830227538973
0.654678980266946
0.654098554211951
0.651554582152415
0.651696336774697
0.655227682972741
0.652884139106277
0.652933804031048
0.652492467748557
0.649959517305603
0.650299591542544
0.644710250853873
0.650169042634114
0.65308777588967
0.647621049516866
