0.295822356771089
0.295822405125358
0.295820033769089
0.295822389237046
0.295819967935282
0.295825064085175
0.295811852581125
0.295825025077979
0.295819861456195
0.295825034161345
0.295814819357121
0.295822366583897
0.295825141274064
0.295819844967121
0.295825024917386
0.295817338467784
0.29582238235323
0.295825045104209
0.29581755555208
0.295822509042075
0.295806932372306
0.295822469550241
0.295822361758592
0.295825116878013
0.29582235513418
0.295825134723559
0.29582507652409
0.295819784725264
0.295825111505191
0.29582513087778
0.295814889320198
0.295825063952757
0.29582501690464
0.295825063470977
0.295825097457529
