0.925315831988001
0.925649262477459
0.928415332338822
0.917198119976841
0.913223467413948
0.904462016111008
0.917295156385056
0.924257767273798
0.922438596991888
0.939366075445022
0.91955443271504
0.923769778518371
0.916759382743004
0.915027851924591
0.917977351523263
0.912163547124054
0.919500775001128
0.941668495065763
0.924310297651075
0.926170846079119
0.919109873294467
0.91540029283169
0.904203955702554
0.921836371025118
0.914512000648905
0.919411676766291
0.923153342800815
0.928930269612884
0.919081246209907
0.930278790379586
0.935350451794964
0.923473461775954
0.923045175774979
0.917005395945223
0.922871353788845
