0.918766417761692
0.919657352347144
0.918959800840388
0.918703333424853
0.918653178182194
0.918627564412619
0.918885373477807
0.91882275479457
0.919858531181512
0.919010835859058
0.918874231083175
0.919677874997457
0.919154384371982
0.919210575226796
0.920226441081607
0.918849320622582
0.919689814623693
0.918857183284656
0.918657507908161
0.918853676962713
0.919436470986726
0.918830434882333
0.918620766864419
0.919475373653225
0.919635140272431
0.918713267304174
0.919555260474492
0.918805309589206
0.919019867907574
0.918861066036817
0.919075710067287
0.919453723388957
0.919063565769273
0.919362899687026
0.919336629899292
