0.990240062771652
0.990239784270006
0.990240812019918
0.990240188712991
0.990239839170895
0.990239910774298
0.990239417085571
0.990239863151757
0.990240148479505
0.990240153409468
0.990240198080626
0.990239825704773
0.990241970763614
0.990239732136774
0.990240064022398
0.990239702882053
0.990239841997438
0.99024008037866
0.990239813647211
0.990241903188035
0.99024013151318
0.990240338545684
0.990240335551904
0.990240243653922
0.990239675985141
0.99023982590263
0.990240212175654
0.990242047070853
0.990239829704331
0.990240985743967
0.990240277539463
0.99024153379654
0.990240005842719
0.990240246061195
0.99024043233274
