0.83842104517573
0.836893824363219
0.836455325834744
0.838429120092486
0.8391602564396
0.840134014410798
0.838818245248325
0.838038001179797
0.837238614877479
0.836428098406191
0.836722979412369
0.838499766494789
0.838531700079801
0.83804798007796
0.838532583484496
0.837957733827073
0.837333703421532
0.839142961440656
0.838720011646907
0.838721555901637
0.837282531163472
0.838705932624848
0.837286817216088
0.838957227885808
0.838052816206404
0.838002441259087
0.837678975762265
0.836347063709529
0.840171673845317
0.839367934332577
0.837735364002015
0.839858002592859
0.838364051944454
0.837372864438521
0.839724951839581
