0.992087113425726
0.992086998116269
0.992087047279933
0.992087009240944
0.992087055949438
0.992087016641761
0.992086571585988
0.992087220180595
0.992087057550717
0.99208681076238
0.992087107678114
0.992087155619455
0.992087387413534
0.99208707599205
0.992086964895293
0.992087000240556
0.992087048381435
0.992086786641947
0.992087034543646
0.992087189496808
0.992086996819754
0.992087110088836
0.992086957999408
0.992086956203437
0.992087112276671
0.992086792958701
0.992086895229676
0.992087309857734
0.992087057295574
0.992087133159721
0.992087421157827
0.992086859847987
0.992087193731358
0.992087117569834
0.992087100647891
