0.928729782666237
0.929223749260931
0.930204098126254
0.929980307288944
0.929893652340086
0.929795358086048
0.930051188897139
0.929199268489262
0.929928266964219
0.929595676018962
0.929948414983456
0.931340489390444
0.93115441429549
0.930082325358493
0.929933243863352
0.930059553422087
0.930438918234555
0.929878982905921
0.930807233753763
0.929876691409986
0.930448601301551
0.928467857677435
0.931771637111691
0.929994886415796
0.928603741824371
0.93002496547863
0.930291902808338
0.930042647029684
0.929964846131714
0.929540080127614
0.92990392528852
0.929999283101468
0.930066923577101
0.929724583993826
0.93018368604739
