0.989442996448443
0.98944385461472
0.989444406551881
0.989443977250416
0.989444496937498
0.989445088313392
0.989445273241834
0.989445518337368
0.989444679476381
0.989444735952196
0.989446534661145
0.989443648909018
0.989445770330469
0.989443871209166
0.989446571467305
0.989443678514937
0.989444222799045
0.989443348780266
0.989443449713647
0.989443907846676
0.989444907704567
0.989444322079934
0.989444081129431
0.989443547272041
0.989446069785302
0.98944306303101
0.989443694848093
0.989444927182275
0.989444328772458
0.989444707975167
0.989445418811088
0.989445096235697
0.989443456859148
0.989445024506914
0.989443543291514
