0.645619122539528
0.553832167971862
0.498452309446267
0.727635520774712
0.72307559571571
0.361232517648392
0.554045560961135
0.376176975328581
0.35726423454946
0.298371486978802
0.724652960807396
0.634197787200706
0.527186766528769
0.673995784351602
0.545204367986421
0.666018152567603
0.648662586126728
0.663626892915772
0.52856991775258
0.349014802377039
0.634227485966864
0.544151446366276
0.553644823565385
0.636052770694751
0.413477570242613
0.701119548517487
0.388129822503643
0.457095155582736
0.712144748524731
0.302138692473675
0.290803433019508
0.719535806731355
0.539304309666699
0.44294798779731
0.459484544016987
