0.592884800845839
0.589101436223666
0.585320466579918
0.577926859440573
0.604530675737369
0.585737840873399
0.591815115999705
0.60784749209119
0.58496147232715
0.594583764364707
0.594849146858728
0.57250594345319
0.586083025749128
0.608304574874079
0.581037743323431
0.600108181949831
0.578350084643516
0.595911966363029
0.583916323110164
0.589480746517918
0.608551450469651
0.58373047918839
0.601210649999392
0.57847345518633
0.56682471611142
0.581624830561446
0.611024632199384
0.596538004734428
0.582960629807672
0.59412946757046
0.600333942055696
0.565262305427457
0.59683101767313
0.585860847566239
0.581082339490356
