0.987907517318682
0.989300637882004
0.984899803554367
0.989416772445471
0.988402737614094
0.986334513572837
0.987633718641716
0.989267524116615
0.988224989570527
0.985040628030221
0.989727551330218
0.977648931128159
0.988873460188185
0.985449529584084
0.989215327984266
0.988752054782059
0.986911538075929
0.98985141819233
0.985098553322904
0.98720147532045
0.989004256752683
0.989277404690643
0.988938360490147
0.989032157149513
0.989314311458116
0.989569935128426
0.989018738613334
0.980722039243985
0.989763679935769
0.971399467229801
0.98690659368871
0.986953535857396
0.979856578301511
0.989246497982347
0.988727827424994
