0.676857735751646
0.69130631614208
0.678750304905667
0.686902978192093
0.670303512195184
0.679545264634208
0.690467049263098
0.682678331739033
0.680573592702438
0.698643527918065
0.686804106805443
0.685923206271894
0.669218916073281
0.682529379795588
0.687504868853652
0.678793231511272
0.690658864388765
0.682087997813231
0.684667721285692
0.673309250329597
0.691138850683663
0.687949427217999
0.687240752572961
0.682308226530567
0.678005415135981
0.683138810686403
0.68366274105345
0.686510257513752
0.68207719579312
0.677272314138274
0.681676609161956
0.677213606755227
0.679651938036803
0.687275788245186
0.695985195116691
