0.954016265717118
0.951690003338531
0.954956579892978
0.960634310132714
0.947024585209872
0.961513119187468
0.960933064556916
0.956154682211468
0.960581921867325
0.963483534531425
0.959454414558171
0.959344724164031
0.95667885658556
0.959587333730403
0.959338664352433
0.959528587513246
0.959449934503839
0.963504685581135
0.959347553872434
0.966278099701073
0.956854450618948
0.960986815703149
0.95252982008711
0.951180356799563
0.966131253761101
0.96330846320495
0.958032882398727
0.961095821649724
0.960786798390547
0.960643280971097
0.963880648416553
0.959021973168131
0.953639074908531
0.958030843558837
0.963470819647326
