0.241435593999961
0.241610814711599
0.235185954383688
0.226388524458895
0.228094660430179
0.238732336716192
0.250392309650162
0.209892991384402
0.233180268918456
0.23216354003441
0.236019420040874
0.258258314040278
0.262218476991166
0.223163157807621
0.226578732940378
0.251236047307927
0.235130005382896
0.264635540683437
0.233298546092731
0.227887936333961
0.234519533523858
0.21204209973137
0.239474734328334
0.236647736354465
0.220628820917683
0.233392503886351
0.220781247435241
0.226066439047317
0.230624383853134
0.237864673003978
0.261366735113016
0.217632852322882
0.23169903044761
0.207201609522052
0.227519634849924
