0.303733524308498
0.307400653865729
0.295815020604175
0.296506049459757
0.300160107560852
0.296750373893792
0.284832420383688
0.301269253463269
0.298701467305897
0.297311689411507
0.303929822529258
0.308828208204026
0.300739377310963
0.305614903074415
0.297639960707054
0.301638288568197
0.306707053512818
0.304618246400759
0.303987315884551
0.288735272125354
0.303487252446398
0.297972542077051
0.29995682000809
0.298018914296853
0.295077747249466
0.30255002281501
0.29495243386044
0.30181938897269
0.302346360216278
0.297357660296907
0.297874220349854
0.298190323139471
0.307993738118932
0.296061502529407
0.305303334175878
