0.304031376106887
0.304431212383103
0.30276757525852
0.296437446766733
0.307917242939368
0.295560047628573
0.299483887654591
0.292251465284657
0.297988959680369
0.294171968506153
0.288400668198705
0.292912949733728
0.306867885234425
0.294745070617506
0.288542136008163
0.288265547585692
0.292850675152782
0.318355525455959
0.30838179392952
0.297602643570962
0.297295331226579
0.284958284978409
0.305549764490928
0.291172690451783
0.308149079106976
0.323430628536147
0.283130559802731
0.293416291142174
0.296678719267588
0.294010418465128
0.295621417136577
0.31273973302553
0.293840275016073
0.316119462978207
0.304191593877405
