0.252790746634041
0.248679843720122
0.252198006256937
0.259203644512114
0.250079457784422
0.247762874077437
0.245963349243765
0.247289286082422
0.251200868924322
0.250521424876826
0.249117046203062
0.247394991839411
0.249447205220387
0.252895583390969
0.244459095055719
0.244521583914029
0.245082650002189
0.244686877356672
0.255576036672363
0.24891912491361
0.249236952191591
0.248083229303672
0.251484113238585
0.248712468528398
0.249853072399339
0.253370640060717
0.250873560773077
0.253542002739118
0.253950024338654
0.249775475903772
0.25231211934846
0.247975613798735
0.258493204319301
0.25004354203203
0.249242929508757
