0.665521035848338
0.694048121180928
0.632517534853874
0.706241025296594
0.774671695275108
0.698129898776554
0.696642103569466
0.679870881626125
0.734169664916325
0.617592653423309
0.744648762748768
0.717967476608017
0.739590084138239
0.681515426671289
0.764963406371953
0.74378936330719
0.711270296471495
0.702459967803898
0.708266616930031
0.680941206717435
0.685853386727295
0.708459593378802
0.73539996150658
0.70459504098328
0.666903998396443
0.751355885280234
0.703772036279457
0.713548883628156
0.744218889926695
0.763027923173434
0.727087259791717
0.742023142314934
0.715106784780129
0.722222360726162
0.761239913067492
