0.599302529373224
0.662950925932401
0.543449310685521
0.619894913962
0.548102194364391
0.531433798624628
0.586740268003032
0.623754647133282
0.667348240163277
0.515783733581888
0.530881330862203
0.631437097098935
0.547606581234746
0.534311209117965
0.52852970554375
0.54124070904038
0.533996978417333
0.54030461745477
0.546469972578772
0.529829755953808
0.531065183397412
0.649614331221637
0.600146963904544
0.520462140384336
0.545156233125411
0.576521112958176
0.657557110152525
0.633779417478298
0.543435811622782
0.511282502175436
0.533026910931004
0.629859684472684
0.534748690471516
0.619537276282955
0.639666804392225
