0.852405598929474
0.863057968828659
0.852322639971556
0.867583094093285
0.87252118282154
0.851113635742535
0.866969004671261
0.845369837163571
0.892709812980483
0.873066187278096
0.868369263347137
0.867667427305835
0.874175973067874
0.874621776663004
0.845086207952199
0.845698076820793
0.877557832513659
0.883038785672669
0.866514619114188
0.874925306091774
0.875835987775986
0.842835882925801
0.870034310817019
0.884581715294194
0.87030285816041
0.842674347470659
0.889659611549209
0.844927395306874
0.851480987156032
0.858726791270226
0.841111011762168
0.854182377481618
0.856077991099229
0.856537257766727
0.896032813893071
