0.763022280738418
0.772607137164736
0.780755838036361
0.765205889963646
0.78061403604521
0.783929825736087
0.768050891113883
0.746685182237636
0.78450751246298
0.782387054210548
0.753094253064221
0.754299061023357
0.768867081917058
0.775620884767009
0.770986477603132
0.764288484335617
0.768565688014674
0.752653349367412
0.774627299392385
0.763533458536191
0.768267922024213
0.774923430449448
0.746594452390166
0.751158994037152
0.757758677136093
0.782357531760852
0.74573368520616
0.769818900895428
0.759318966563585
0.777594813150222
0.752372965499031
0.773678866146713
0.765359601233846
0.770794924829793
0.775879010258568
