0.986519350879375
0.986710919254462
0.986441934410518
0.986491362729317
0.986901008264125
0.986427021407017
0.986704274620918
0.9866343641472
0.986627349273904
0.986460293643525
0.986447975140942
0.986829090368877
0.98628682145519
0.986453539050566
0.986766211189934
0.986647079485774
0.986879522966296
0.986798041079016
0.986868472755355
0.986614968200725
0.986600380752716
0.986633203898902
0.986374157010006
0.986729015346407
0.986679164915079
0.986665913651893
0.986787357100465
0.986560469193472
0.98669443422586
0.98654171527247
0.986774132129547
0.986517831632958
0.986638947457951
0.986658820494866
0.986665966060006
