0.896723623883674
0.909595921613415
0.90475254482808
0.905074402279525
0.904638359449778
0.910639041876807
0.912573769882772
0.90719395394194
0.896480457119135
0.90219458216508
0.909492001648093
0.914420555048312
0.911847222580885
0.903783851630403
0.911132206080848
0.902561642946971
0.903963090216138
0.908887402249777
0.902596332438388
0.904522073096406
0.899447061703355
0.904786462099387
0.90121486887684
0.909619989135808
0.909180440786987
0.907056459363596
0.904285402663584
0.904818061001778
0.903784748799322
0.901726654317296
0.904424550070948
0.906548497018463
0.905912000481834
0.907336480400595
0.902975666556176
