0.863949545732491
0.864872173440664
0.868876655825979
0.868045683909951
0.863949024865989
0.863720049586595
0.863650383259296
0.870896356439186
0.869450463946079
0.86655430588495
0.870335095855752
0.860498991751794
0.870708734076694
0.863958948870899
0.861095987592592
0.861802835590603
0.863235187114849
0.865624852481947
0.864313550325059
0.863618927376182
0.863036761144271
0.864991752398532
0.864915736454248
0.86473062887188
0.860415438069715
0.860418234776937
0.864677732366715
0.861566677326917
0.870259669194797
0.864313369126024
0.862521256828351
0.860448130439465
0.861660383750963
0.861889065326219
0.86414792930128
