0.811595697924227
0.825258970055171
0.778329605052627
0.775202732008095
0.822458605018701
0.776728207868642
0.773215901505736
0.773669934515902
0.775635417002244
0.776660718496637
0.775229212698849
0.776239810616009
0.776674788162316
0.778270438161598
0.779326249018851
0.77706400333525
0.779555362629775
0.778602277842118
0.776395661071097
0.827024967701799
0.777523222732193
0.827841351241731
0.82565881351004
0.820928553075267
0.78082564941925
0.82099908022878
0.775981805003386
0.823731397886596
0.826065403295094
0.776086658039929
0.811597726811921
0.773693989479833
0.822621746750711
0.826325339525114
0.769995751191614
