0.842629795912813
0.837257603104805
0.837268355395426
0.837540905542805
0.844691348386474
0.841581697068289
0.833120500748076
0.842709168852434
0.835647867834613
0.823833388166784
0.837774472611509
0.844469668229895
0.842069564626488
0.833971616800837
0.825435760345231
0.839084549001434
0.833612059029578
0.846200214515326
0.829244154331324
0.827077444211542
0.83343928169875
0.834283123189452
0.83948517874326
0.848216479512059
0.844917370728597
0.829853494563165
0.843101331048471
0.82408148364929
0.838415802409622
0.827047125623936
0.846265947726902
0.839004204891051
0.832322222113207
0.834761468886568
0.835799660244146
