0.923572061252412
0.948002817569514
0.925345633808273
0.914650563887625
0.925065274087226
0.932679378371578
0.916010631403358
0.965655223629187
0.92148812412947
0.925243287970118
0.926343275971788
0.927139022264895
0.922454286441056
0.928557790256804
0.931527584383203
0.923742418533264
0.926928529081221
0.921254789102877
0.925943048660799
0.926872975066584
0.925210274496562
0.954047567786565
0.923636349388535
0.919382247852237
0.919717908474815
0.921779939471915
0.922896745224762
0.924557272826189
0.924985711329632
0.927416988561413
0.928564732199812
0.927452936427162
0.933633156511151
0.926273891317907
0.931073281344912
