0.987126660503348
0.987239649692884
0.987335374618611
0.987372520174903
0.987040235559601
0.987108916231221
0.987353123551442
0.987238949671488
0.987205944887551
0.987266411144877
0.987298041862106
0.98736363275404
0.987221805004517
0.987137825015158
0.987359401335585
0.987259784796481
0.987349588680396
0.987318627797383
0.987348401188021
0.987291945956295
0.987325274116621
0.987239051961845
0.987364968407992
0.987244709334837
0.987243374877932
0.987349607433361
0.98735087548046
0.98723700038405
0.987323567178719
0.987276919635327
0.987339091064105
0.986986636437816
0.987298988722978
0.987220987847783
0.987299568265802
