0.85009319060406
0.852189385927176
0.852346310319061
0.852202871739814
0.851004431695563
0.851773324322612
0.853070297670029
0.855842833923979
0.864819263480913
0.851582919850884
0.851746630026479
0.853294717966791
0.85509608410551
0.851148697456792
0.849208962042016
0.851618457033933
0.851936455273176
0.852365194079475
0.851558309008897
0.849771769090868
0.853344301021015
0.851840540381539
0.853985865206759
0.850867882273275
0.853374232329895
0.852419475921274
0.85000704752775
0.850447681430272
0.852894341198257
0.854423498613719
0.853374584412273
0.850570220583538
0.851300402475194
0.855136455599371
0.850881472711306
