0.985638307488689
0.985788995647128
0.985403114817524
0.985506484482229
0.986334241076039
0.985788787150357
0.986092319589722
0.986154358856264
0.98592462107419
0.985983065187324
0.985421649030978
0.986171990622142
0.985546082157955
0.985801121661597
0.986003728520505
0.985408156438574
0.985880597146405
0.986068252689522
0.98617041326353
0.985343661827425
0.985509868560764
0.985687837552851
0.984799014063011
0.986233188605968
0.985697379164463
0.985909995898454
0.985795841823911
0.985756495259834
0.985626193715889
0.9861403930956
0.98605384849693
0.985794770816233
0.985351011107502
0.985910046703388
0.98617494406397
