0.9876524847955
0.987616255358612
0.987664811195772
0.987678834460505
0.987523236422096
0.987605548167464
0.987710326916061
0.987659893713767
0.98755039757888
0.987651497238223
0.987680984602133
0.987739666912544
0.987631030057004
0.987526772444505
0.987661125744851
0.987661739855472
0.987695533975919
0.987712284436329
0.98762895820855
0.98757656306362
0.987654841984916
0.987727964471912
0.987663462200731
0.987650188114028
0.987584921405405
0.987650564245932
0.987727680372197
0.9875632438343
0.987674591566579
0.987603180672752
0.987693408969649
0.987541553620321
0.987618157807101
0.987650765364601
0.987678638286885
