0.930550124234332
0.970997062475107
0.928195467870251
0.929017574528922
0.928580822245988
0.935661853174064
0.927469104981751
0.97577867872956
0.933018018893988
0.930638190639149
0.928267007446721
0.929465487045664
0.930783017090952
0.95312114803842
0.933429674141563
0.924908687772523
0.934595483172852
0.931654315057661
0.927966432777682
0.930009982465205
0.932222289462977
0.972702239371558
0.925106609259304
0.922115916200351
0.928949632841187
0.932070017611967
0.925457740655434
0.931687586795697
0.933440952109428
0.929578084254474
0.952701607139592
0.934901808723218
0.934983352225339
0.934586029135553
0.934766414276988
