0.704248416745063
0.721738940964245
0.709410568472737
0.717639469993105
0.713177201128512
0.712691934781871
0.719761457536376
0.700600349374288
0.723984827643875
0.715293911678665
0.708829620262432
0.709224940588579
0.716921758240582
0.723242860343922
0.705565656898851
0.71809285444159
0.716247946740143
0.723127683903708
0.714206640494326
0.710043793328933
0.71333415979493
0.72036239671122
0.713451138721161
0.708756453017995
0.722201400035656
0.715005788131693
0.718720908147226
0.706100384116376
0.715820582087312
0.720276300771102
0.710053059442842
0.716373045861495
0.711922631213493
0.718249709458762
0.722625904866156
