0.98771581527953
0.987727530848383
0.987752899459928
0.987745814292113
0.987688948388559
0.987751855559324
0.987767605489859
0.987730671078563
0.98768795752756
0.987703798225595
0.987733743395155
0.987814319525365
0.987762283730279
0.987798373221966
0.987757658366067
0.987767425974408
0.987734169791481
0.987800957148212
0.987686375851913
0.987702138191654
0.987780252713302
0.987833719790341
0.987762206664496
0.987754236126303
0.987698422272622
0.987724304790793
0.98780154631149
0.987697156661647
0.987741899019746
0.987775757166561
0.987756401131243
0.987705549907706
0.987705033253102
0.987704908508914
0.987785894171441
