0.975230909178121
0.982113203417773
0.981293339238928
0.981724121272468
0.980963119264964
0.980263170313087
0.983429412675713
0.980437159391681
0.981960975174434
0.981666662015804
0.981745394491324
0.98263004841452
0.981515351046291
0.982814109499471
0.982496166523426
0.97752102853429
0.98240717408456
0.982165927448213
0.982561762142917
0.976240387904255
0.980839831597694
0.981636698191213
0.981905661461773
0.982650675969495
0.981449604832176
0.982005712429272
0.981955736803873
0.981123399040066
0.983062786916763
0.982080519728188
0.982897841806985
0.980484461445474
0.961521372470431
0.980091723822973
0.981336773553829
