0.933055490309213
0.979252114531724
0.929652686581171
0.932999933311395
0.937071096925294
0.938037328337908
0.933185544580955
0.981020000269268
0.935063643872933
0.9340246370875
0.929758357572682
0.930983630188954
0.933134374547484
0.979627732482315
0.936207010183996
0.935788505046149
0.966387912748042
0.964485828943736
0.932330948959553
0.933564922651695
0.940414571801535
0.981099948290868
0.935620550277781
0.936301698904385
0.940634193066736
0.936212252768374
0.937801350812397
0.935148870762096
0.974729398700357
0.961032514696694
0.978203735978974
0.937291623614097
0.960368955071431
0.936548136031274
0.96376848304355
