0.715673800312201
0.717571716688284
0.711200984413979
0.705674944550524
0.716550630968173
0.715682283994484
0.697704655472379
0.689541852931939
0.693973081623945
0.727685704730009
0.701575512691248
0.695382081132537
0.707716127625648
0.701586557047901
0.700231777484882
0.712226344153159
0.709552038917565
0.709930967230599
0.702234744099418
0.702890739396045
0.705038868059115
0.697883711025989
0.700720734273765
0.69543859883261
0.697091581566812
0.710075585118934
0.696408052021671
0.705106012006947
0.693519535183112
0.69706972376536
0.686804272572312
0.694692605446948
0.710697710206265
0.713038547496409
0.697905756052276
