0.86387502007372
0.870025632465649
0.863627748293088
0.863834336787689
0.869396314602849
0.868012189289106
0.864168544362069
0.862799152320715
0.862403541624556
0.864237492985658
0.860989238390714
0.859665479995811
0.863987902075015
0.862059446354334
0.861919808843449
0.862446292216921
0.861158208193064
0.863537048069153
0.863210344095569
0.863503871780777
0.861809842976059
0.870286844622469
0.864716658933781
0.869261664692383
0.859827674379286
0.858976008112714
0.862695870933464
0.861219311625819
0.866332019947039
0.863021848585368
0.863640409079094
0.860414383880277
0.860615902918912
0.861990777824956
0.860884288713609
