0.707109971417714
0.72575525694835
0.713302036671603
0.717638507451371
0.72040174904591
0.719699744392546
0.722248201488815
0.709704439636023
0.724759465705302
0.718197584668316
0.712804105003659
0.714901380661692
0.718681583165421
0.725756543555963
0.715498887061925
0.722720731825153
0.717081803401402
0.722565208577707
0.722595309026983
0.713223671297216
0.718814873633355
0.724824781948211
0.715749722759037
0.712666870840057
0.726068339829984
0.719097269723293
0.721114939857452
0.711240286223358
0.720987256167351
0.721444477906023
0.717141405806378
0.722426303601534
0.716294342692898
0.72319483043071
0.723174625523707
