0.824258549760734
0.824044173689213
0.778457727386262
0.815822272264865
0.825930994061201
0.777934801399633
0.775994675832362
0.819286089797432
0.776015596012515
0.774615440792471
0.776708538566511
0.779120627116912
0.777367118154042
0.77848341182132
0.780325385210703
0.779262729272603
0.817008773260488
0.780287009443711
0.77833973453521
0.826011766006261
0.777439657402122
0.830295660609403
0.827466345804108
0.821330557128178
0.781761043063916
0.827335238105777
0.777335156559765
0.824084070881451
0.828871315289037
0.778490770657664
0.819844509584491
0.811703977379088
0.826235611426992
0.826301886111334
0.772477102760392
