0.577022588751604
0.558887536904682
0.539377942619733
0.558740500785972
0.559269965648673
0.567539307010352
0.532387515657745
0.55873806341195
0.563658410131407
0.565484422058188
0.568235726747435
0.552311433749543
0.571159424260296
0.558334552699513
0.572478046972369
0.560236023469162
0.56370307933191
0.553248755108272
0.566485265953194
0.568814819425344
0.566219597942833
0.561734813311929
0.570367626106171
0.56219766853841
0.56779650102989
0.552231837306092
0.557098431860812
0.555261951546897
0.558919649413165
0.555231208428089
0.561701184870047
0.565778730854066
0.560052157114567
0.566428819243754
0.560954823466376
