0.265024260160384
0.275819224038509
0.262707141839273
0.268764962243592
0.271474591403053
0.268037942632538
0.261153352804553
0.273155817617864
0.280703234903118
0.271689685302034
0.280442478733484
0.292697558553926
0.27396478149834
0.261961318282291
0.269530754726845
0.273038719961829
0.271768659769743
0.266613934117567
0.286007974998562
0.260117316397536
0.274839481119559
0.274174792813538
0.269887116834988
0.275525083006107
0.258856707046693
0.279576276963897
0.27071881925059
0.266932556225353
0.263513469040861
0.276892017597965
0.266944270538747
0.269477643369818
0.270532542564912
0.273121682926213
0.276579580652479
