0.827872524769703
0.832629776593329
0.823196270729836
0.829778625507279
0.833114297423041
0.832746414855405
0.827706692027315
0.813270230700083
0.824885910767736
0.815475668746966
0.834029641056576
0.830614503819503
0.837534541499778
0.832868372608808
0.825192191583215
0.822609713624829
0.837570834489525
0.818623529474345
0.84814929210632
0.837144639143537
0.84307505570549
0.825629305567526
0.826641863082054
0.821224919666076
0.822880009654971
0.827117111260139
0.833752360656728
0.82291402096158
0.822114791299495
0.829754783221014
0.831385314484112
0.832493792181794
0.81905032632217
0.817626576963705
0.824687785314526
