0.903019016594211
0.905618852650753
0.903947985218158
0.905706947890213
0.904341069808356
0.90299317831408
0.902676393306995
0.901967876891139
0.904102649942409
0.90399396770639
0.903813245619083
0.901129917176697
0.90576413706041
0.904469895142629
0.903807222482397
0.90282702669475
0.903444310736703
0.904100598921658
0.903521772473838
0.904997800482864
0.904695530883457
0.904954449911837
0.904465730506146
0.900741240632851
0.903680754032996
0.903923404840347
0.904645580970873
0.902324105270584
0.907751373634275
0.90393172619567
0.9044028576231
0.905781537876551
0.904365985095677
0.904868476661593
0.90432662633382
