0.988042815928145
0.987443762876609
0.988730125409809
0.987885282619752
0.988332034279664
0.988322826417869
0.98780525487362
0.988829471267016
0.988905174640655
0.988605510866582
0.98805407418788
0.987757130110738
0.988537537519385
0.987565165380613
0.989557186368429
0.989394906635079
0.987953841898231
0.988475203906687
0.988148783380066
0.986289976365266
0.987967802313989
0.988395522112498
0.989560875609271
0.988601054468116
0.989395598844822
0.987843934607867
0.987983144846869
0.987980317887927
0.988516031186806
0.988766012344712
0.98897078605961
0.989262657575241
0.987511398305721
0.987957836577408
0.987673026520802
