0.782029033773939
0.773006966338152
0.761709944221649
0.754624363010272
0.763921166397483
0.752373735640996
0.781957295073985
0.747490849113396
0.76110125291699
0.754518424584622
0.74510370447102
0.779139215104274
0.792212431408601
0.774548473878276
0.795205711822087
0.73631253506113
0.765939525632987
0.783184954278498
0.770572126375121
0.753798720388008
0.758765233723079
0.795086576219654
0.759005662599055
0.75850087372573
0.775842484697827
0.753082762809588
0.76698719375062
0.779701240650708
0.765561676156071
0.77498818307212
0.788672693052826
0.75789772667356
0.765791889764003
0.748903291614268
0.777097730759713
