0.986866459618261
0.985556134009176
0.988628554944596
0.98710083996541
0.987502523172212
0.988177157208012
0.987663947203119
0.98829357309891
0.988767107469163
0.988240579969821
0.987623332677899
0.984354872851521
0.987724902076505
0.986957178332013
0.989265164218485
0.988708797238952
0.987852039532587
0.98743806684014
0.987647957965573
0.985997926697835
0.987050760684876
0.987328870447446
0.989104015184486
0.988086306734071
0.988853438864456
0.987641728443534
0.987394482501902
0.987528824405022
0.988099420225481
0.988326687799659
0.98868714190851
0.988357735964409
0.98620226054654
0.987460532934052
0.98710987886385
