0.67509202895082
0.676194130498535
0.670649274706142
0.667679887827906
0.68973209871512
0.686346723136984
0.683596551089197
0.675199270696419
0.668419860610756
0.699615097922152
0.691788190520839
0.689632919813478
0.688668749496195
0.67889097215616
0.671401713275432
0.688431783997002
0.691789286627298
0.667604372336566
0.702071178751426
0.671220612249567
0.685970051085348
0.680290230472502
0.699962217949357
0.688549481714958
0.671701387389807
0.696468010492925
0.68344642932103
0.667369297906835
0.676870304640526
0.687618010921241
0.681187879371812
0.695025993234031
0.688872619135356
0.67458269154538
0.685319711893677
