0.902405221857143
0.90056906926128
0.904813613943778
0.904105827671936
0.904539437447488
0.90500847390667
0.903652002747101
0.901000250902912
0.903778456740752
0.903090299779311
0.90413809988292
0.902212515833662
0.901266676064734
0.902292950268028
0.901994099036736
0.902263870092479
0.903006120990887
0.902565093030892
0.902515335111795
0.901209327591676
0.903870540415016
0.904584936330894
0.900691552667931
0.903624949759827
0.902690080619128
0.900264856501769
0.899864008592614
0.902623496882674
0.904601292181827
0.90142082633029
0.905215967015359
0.900349980969414
0.903107863795844
0.903720332235835
0.904560340565173
