0.843340984262138
0.834686518379815
0.832989686143427
0.855284695411387
0.855646383830825
0.833262434248928
0.85220489035957
0.826729700094889
0.827423099754288
0.886326342753805
0.850034351048261
0.836401038263104
0.843694102252561
0.816246334800738
0.825760380203734
0.823079669933632
0.821544810151972
0.813964835324278
0.847433931728921
0.817766892339152
0.818737494297254
0.833806580517674
0.849755105409172
0.846184217974434
0.859686898469915
0.847033415048817
0.840568581284659
0.799279961491414
0.842547579370739
0.832236988521986
0.851512495050428
0.86823947901566
0.828321676945665
0.863506845574004
0.802674710944532
