0.903781052783338
0.905133314199054
0.904469653817413
0.907413171056415
0.905253727006928
0.905280517995209
0.903277298183076
0.901676079589108
0.903792589046953
0.903853410637444
0.905334552506604
0.900883815978967
0.906973206035407
0.90415150594751
0.911029930094941
0.90367059358407
0.903673342275748
0.902369587547325
0.905450306073745
0.904958308505418
0.90373130094332
0.904663402514358
0.903906374200234
0.90027494466931
0.904200715850719
0.902789636292217
0.904618737731011
0.904070600365997
0.907358318545986
0.903782282384462
0.904275272363594
0.907091551463712
0.905609651545492
0.906689195791244
0.90601017449122
