0.197432372925349
0.187969039740963
0.194138715678396
0.191403748680537
0.197089484231372
0.195058825599688
0.196264484932469
0.197579616777259
0.194060911086396
0.197268537947048
0.194469380868284
0.199264305847661
0.199152384780555
0.202133093411131
0.198453582245454
0.194512905959989
0.195420676294429
0.199062691382964
0.199371247859812
0.197771156626363
0.190050398261346
0.197512911271262
0.194372313018696
0.186707904491081
0.191243610458445
0.197112073463492
0.203949486489434
0.195982719113762
0.196390901771344
0.19224495015325
0.197848664734623
0.195752451275147
0.201728629651097
0.198452958152948
0.205847482522715
