0.899219368539368
0.892715369139177
0.899287257476727
0.901895191014458
0.898094446820022
0.898888232918374
0.898361119695569
0.901442496445525
0.89882996276289
0.902199615512124
0.905770006030387
0.899511556080052
0.903805563388206
0.897898099919129
0.900176328729287
0.898449391985742
0.895099017911503
0.89669599416784
0.900286008475108
0.897581121492151
0.900866582998169
0.899863737926864
0.900206100355063
0.896438257301996
0.900488009630914
0.898918690453723
0.902211865054497
0.901119976663916
0.903267392544229
0.899504399403357
0.902645534606249
0.904813767623243
0.902842180199183
0.900021257317898
0.904891824519108
