0.453855202129447
0.444541941964476
0.437958925422737
0.436549393354294
0.44266265131132
0.44648912601381
0.432981383869201
0.438083904182294
0.44834903706959
0.451450764916374
0.448175167130805
0.432963571551846
0.443393911129183
0.439538831539986
0.454126461060926
0.44108692237212
0.446126348435383
0.430436381056848
0.441369647245432
0.441233718122118
0.448036423029095
0.447192229878428
0.441773576897295
0.447555736651642
0.44664861722927
0.431384030212269
0.44355041415655
0.439148560203794
0.434481432848028
0.450981278433633
0.448076039648015
0.446878583946189
0.442675280512936
0.449492313038276
0.435792481250551
