0.94103309419904
0.942124466917695
0.96047619650724
0.952462839463915
0.964708579705859
0.964587154783128
0.936043111585014
0.954072505180537
0.962292699434224
0.967029949038833
0.959676123320776
0.961535167679192
0.965254506004835
0.94473566019782
0.962678882525896
0.955879032823289
0.965312000950374
0.967667199341484
0.966057787479641
0.967800774335157
0.966590386413026
0.952975524906605
0.962202614385058
0.963027855323162
0.962110977634402
0.943431668937069
0.947458712984329
0.965863745373254
0.936751948804022
0.965017150499233
0.947884145229543
0.933709352815886
0.969379519106937
0.947085224692628
0.954644224355605
