0.901194423966116
0.898910591036366
0.904515691803747
0.902944172259861
0.903973386046802
0.905919926569749
0.901152158424533
0.904949830126792
0.899475728326313
0.902519380653838
0.902993923802137
0.901803002568233
0.900330552498416
0.902938180267308
0.900662336173903
0.904722836572649
0.903174595066638
0.897722725170635
0.904393429975286
0.902113903301848
0.902631659846696
0.901174543259641
0.899281421994602
0.904401723754448
0.902318003695874
0.898815721742909
0.897313705579282
0.900327839248202
0.902719341668594
0.901259182557602
0.903881780115448
0.896665099957634
0.899474205002746
0.903428267666744
0.903195392252972
