0.989126428189748
0.989124204358404
0.989041168986057
0.989128406644451
0.989043355782935
0.989047406230741
0.989036776829961
0.989128037498295
0.989208467762862
0.989096760715014
0.989132078654439
0.989124290605929
0.989177598761988
0.989215152901266
0.98907479851569
0.989138706482147
0.989185683018059
0.989084780294684
0.989137582244826
0.989212355580542
0.989142612274088
0.989158586307332
0.989106592511576
0.989082089906386
0.989066783054983
0.989081937542995
0.989106035785936
0.9891473340115
0.989062814696516
0.989047007489563
0.989152968575874
0.989171486857798
0.989160263053488
0.989058398171178
0.989033078780442
