0.918730586289098
0.918756048743766
0.918187699767176
0.917824624827279
0.91802209588894
0.917697743740244
0.917414812677199
0.917370946777496
0.919177510369596
0.91842214570417
0.919054743491724
0.917016927735193
0.919476618556361
0.920428666989053
0.917752518063321
0.917711235732416
0.917590197364721
0.91779764239182
0.91816364508796
0.918165219867394
0.918574421840842
0.917125706672394
0.920527511314434
0.918416571413077
0.917743255798858
0.917361718951976
0.917986446273962
0.917968528364942
0.916736754343602
0.91823205345512
0.917555065528639
0.919489091220421
0.918169978101722
0.918407734729692
0.917485901018212
