0.98722679895951
0.987147966454338
0.986889866765028
0.986620824660326
0.985606148838551
0.987036996251103
0.987329107852097
0.986503607697674
0.986884351094396
0.986715400625966
0.986938565091652
0.986379026735869
0.986148204621262
0.987044829840966
0.986909536194533
0.986837042648494
0.986762621330878
0.987071165440124
0.987177769088215
0.986927058458571
0.98655173156572
0.986858092965396
0.987044241515779
0.986964846479422
0.987154874532622
0.986797164212567
0.987058353359108
0.986368810532886
0.986866181919736
0.986980690421907
0.986977792345109
0.987092998245791
0.986814001801424
0.986558742297806
0.986552542877597
