0.963864166432578
0.965599401317607
0.96692062665725
0.963201097223729
0.962615644327163
0.960441443496923
0.963950279518285
0.969249091844392
0.958250212748409
0.960049693424412
0.965736913250042
0.960419353033657
0.960612215169307
0.966982840741713
0.964657354119156
0.965991083707367
0.960018855428892
0.965818161300387
0.961048698533754
0.967277521470719
0.96153100237577
0.963933808740877
0.960067988086161
0.966583842528843
0.969245016108526
0.95217633629416
0.966678942956903
0.959526864085656
0.961604702893895
0.963723274293207
0.962654040859871
0.956804990598286
0.956831064118014
0.961911153214645
0.965365023121723
