0.767608925367753
0.763876352658009
0.777367305578898
0.769582671748555
0.777937863817052
0.767752859622408
0.769643134543725
0.786930451839376
0.77681395587387
0.77868630816245
0.771862314112598
0.764758317696243
0.777606143826585
0.770795231568728
0.77240334629344
0.787114089799866
0.763609412742289
0.771438556988702
0.775192142914616
0.784106892975097
0.780184666991303
0.770825485770039
0.767833910824931
0.77594773892928
0.782742980738043
0.770830938050937
0.771838033365511
0.769437064386494
0.769421545186899
0.770848101624361
0.772916047432277
0.770250555732414
0.760037464600149
0.767318517445024
0.783373830594739
