0.600523309043919
0.596530858464604
0.601570687317705
0.610949787865286
0.604969658002517
0.610723877570531
0.599346663677239
0.619898768879705
0.609428162165104
0.598619954161258
0.608795847307046
0.602411260913185
0.59084007172011
0.60422539453642
0.594002124700653
0.59677449896354
0.597532878301257
0.610997950916477
0.610199455851347
0.592702562316737
0.5948270063802
0.598284762502523
0.591411080780574
0.588230794378662
0.590860008532449
0.604990388891734
0.607749880438602
0.596024546974401
0.613192614875828
0.594278350532767
0.614343177878338
0.620820558944027
0.603048982388662
0.602313902457413
0.592371759118461
