0.916489140828342
0.920027807299518
0.918308921315258
0.918153498355792
0.918313899175293
0.917781069391322
0.917425518658868
0.91710642187683
0.917961209296652
0.917155292031471
0.916969197250553
0.917411237282119
0.91696029463157
0.918176708060242
0.91741936405657
0.920059979182778
0.916310890519722
0.917496763338474
0.918992756062199
0.916929299376494
0.918341972686107
0.91733129553555
0.917288744612433
0.916707131034148
0.917778699949266
0.917063600802608
0.917194140083572
0.917304364230429
0.919259480585929
0.917563492562957
0.917418626611345
0.919279909410406
0.916518614892008
0.91780350378216
0.917271103532227
