0.896133364234588
0.906719387795041
0.898790678236524
0.901784767912308
0.905057778516676
0.901832646940095
0.89584924626672
0.899991047956527
0.897498494526491
0.900473248326276
0.898246149591417
0.897738768989372
0.904882422710985
0.904772871105824
0.903298778259885
0.901980839034167
0.905348158049334
0.905558881319177
0.903837451818748
0.903483595168553
0.90265812790986
0.903374634615488
0.905983504860805
0.902664518315315
0.901216713989483
0.903926689369408
0.905068801909153
0.900674080613989
0.901349403156307
0.903696739300045
0.909524928216507
0.898241283791122
0.905341611331522
0.906229573578401
0.900133432600725
