0.450494386268057
0.457933116979924
0.444789419448721
0.451267182642425
0.453520264870261
0.457831382298093
0.450342939212036
0.452716464910291
0.455911323582899
0.451205453988767
0.451191623895988
0.458197638829252
0.456945730328833
0.455090661747647
0.448454454997039
0.45053304234514
0.453864633523271
0.442694892293748
0.455786071541438
0.453434238121607
0.463745280687277
0.448639677555859
0.450953616204433
0.451473692756976
0.453756941136361
0.452555550404141
0.448838077387889
0.454336327095502
0.453583483706879
0.449504250338612
0.448087943938618
0.450081207890925
0.449332043124469
0.447237990101488
0.44293597043256
