0.917086437571663
0.917354044811762
0.917310957298025
0.9180066722044
0.918413587571413
0.917200141488973
0.917429638970976
0.91651339894877
0.917901769003118
0.916350966893066
0.917649571887427
0.920089814040737
0.916484918119501
0.917738048900395
0.918141645681583
0.917421907159448
0.916858266215342
0.917626401657261
0.917562084804573
0.916731761276124
0.917293853004278
0.917530111446438
0.917418903947859
0.917653756720785
0.916670566526003
0.916483088274092
0.917488078111279
0.918755738410466
0.916989666102659
0.918543827569307
0.918956741142901
0.918428648740055
0.916796372919303
0.916127151597716
0.917489172715648
