0.456570383866909
0.463050109978234
0.448890475222947
0.45934720900493
0.458089934693322
0.462733685343056
0.452282054051282
0.464076808153298
0.460879061710728
0.455994878166899
0.460693810212762
0.461197362759008
0.45179399971912
0.441347594770788
0.453918311846555
0.455600906012722
0.452567231693333
0.46136456239094
0.454780101972126
0.460268333763932
0.449095717881282
0.452964797103431
0.457033949553936
0.450969435700049
0.453877005427545
0.458178659215031
0.458418648196247
0.454911144010069
0.452794756068429
0.453249684335229
0.460166707123378
0.45294042862194
0.458295316029781
0.451348355119265
0.45800147884714
