0.885431483154301
0.891574838805801
0.886292202869324
0.881867429767028
0.886145347698597
0.890041441051005
0.880142128202031
0.875638702441493
0.876442623714505
0.891497685984615
0.887982982499253
0.870733922159044
0.890831928393093
0.89039464390923
0.891069457511573
0.879165294917494
0.882807688969603
0.886900858558585
0.887072519603979
0.890830770822954
0.886521217183721
0.88915258901764
0.891797611836225
0.883392027071104
0.881989186144928
0.885344039139575
0.889890264754059
0.888433758521985
0.887457204510997
0.887306848618764
0.895251147580716
0.887007583491608
0.890374536445799
0.89211313350535
0.886170219218113
