0.947313667359431
0.952574830407498
0.954687078399759
0.9510583529275
0.948648189899267
0.946546855029401
0.951029697591496
0.956334438931208
0.943058983731033
0.947295740407383
0.952371279680615
0.946753063487618
0.94615575360613
0.952961382234965
0.946370189110775
0.955493834657338
0.943745158457757
0.947731818044241
0.947694024810362
0.954786550190354
0.948238866504397
0.951129595189914
0.945568629315162
0.952945680495156
0.960387523516266
0.933462373196648
0.954263177853828
0.942753002628213
0.943493214666869
0.947826850420921
0.950149164835075
0.939730539880069
0.942675997418372
0.943210998097217
0.952839989093178
