0.965264813460845
0.966214371547254
0.963699461904636
0.963804298102777
0.963404521384707
0.964278095930506
0.963617993485838
0.964982999437852
0.964442346404845
0.964226763688037
0.963965829780614
0.963761514493022
0.96399547363316
0.964770895608874
0.965800313316427
0.964702981641128
0.964112615431102
0.965329652633951
0.965638481929348
0.96468786598187
0.964340864340528
0.965221860416302
0.96575737303163
0.964477751597952
0.967715632175843
0.963527960530306
0.964882649282953
0.964647186771843
0.963400210244471
0.963445962524592
0.965376388359041
0.964560656178861
0.964831192754321
0.964696949529824
0.966939145031919
