0.8577636911064
0.855961312393059
0.861469370583416
0.864176672831116
0.866972593037362
0.874322171369203
0.862277082401429
0.861144988335201
0.86204420559048
0.865241667494545
0.863930716494766
0.852541088632056
0.864795818052719
0.85489135492495
0.850545358346391
0.86629428063183
0.855082467120432
0.856285436546261
0.862031942755954
0.8641401433854
0.855859619020215
0.860180934152278
0.859541879384914
0.861257059021093
0.859292697411689
0.860841765384238
0.858868127493123
0.859218552528679
0.858500629199177
0.850704878538981
0.866397745412394
0.862933783558812
0.859274411865873
0.853475801441385
0.862245009739705
