0.771901800380856
0.768241112047484
0.767778213958379
0.766626531626821
0.771857990536786
0.768010691244437
0.771389940934944
0.767176090308105
0.774039252655571
0.776298231405499
0.781754523857404
0.774348037245443
0.769236886486895
0.771496550252537
0.76975489651573
0.764171647308699
0.767306599637206
0.773781355098535
0.771008523144061
0.774529783808948
0.773175565050872
0.767534968167098
0.775798208582665
0.772210781633335
0.762948757129683
0.764494388259806
0.773174442740356
0.763033950504791
0.76750713358382
0.772926774906146
0.775142713385654
0.775028431044255
0.76674622320395
0.765149256989323
0.771720681151425
