0.991517324265761
0.99149067355274
0.991545681253062
0.991408774108216
0.991561754323589
0.991501934889807
0.991511881485671
0.991515797064547
0.991537470190074
0.991577528992144
0.991525664751363
0.99149532854374
0.991544819384887
0.991539474339788
0.991568395785839
0.99150416598577
0.991556043787829
0.991545989687105
0.991610000131872
0.991530183637397
0.991537726815102
0.991528704413763
0.991477622906038
0.991531005448292
0.991519062446998
0.991464884889665
0.991488608860104
0.991545673315639
0.99153167584706
0.991598312440515
0.9915476932523
0.991535802986733
0.991527221062705
0.991553487827426
0.991480340138407
