0.985858579197052
0.98569672707488
0.985844884753711
0.986043243366473
0.985848210503241
0.985850017212931
0.986063450526788
0.986071743585729
0.986109047167279
0.986035348243128
0.985691127715866
0.985733226221304
0.985853015640143
0.985395411045359
0.985849291633834
0.98602225660817
0.986042470872834
0.985860066143463
0.986066195215458
0.985670416348381
0.985859323057727
0.986042422791155
0.985649271429831
0.985850175438511
0.985479711502228
0.985851024507628
0.985504061514685
0.985850971070945
0.985733368721912
0.986300889693443
0.985843304891803
0.985646981623266
0.986021866118734
0.986071611322277
0.9861088122808
