0.914462002199283
0.913153417190262
0.917521815112274
0.914996008368841
0.916389678822045
0.916394305005708
0.916728495632393
0.914449781400207
0.915166369085311
0.914086687163886
0.914558705010409
0.918537067823955
0.914286172079599
0.914388345181147
0.91547786769223
0.91532440782222
0.913418574772563
0.91286739502041
0.914813208300598
0.91953860664719
0.915290295845422
0.915564008937844
0.914592202154098
0.916675530167359
0.91470573685024
0.916384356790576
0.915656838864741
0.91668754110701
0.915298342851924
0.916663411793468
0.915513501788073
0.914442646078479
0.913343596708194
0.916019439609413
0.91476245019717
