0.985777160270114
0.986104163022177
0.985844115445416
0.985465046833247
0.985858752671742
0.986072358723278
0.985769808182817
0.986056873736362
0.985843994862254
0.985700581207904
0.98585286546066
0.98609348135712
0.985851697798212
0.985535356232339
0.985467441891357
0.986285951728033
0.986041810376614
0.985850245748268
0.985858247406266
0.985843545641098
0.985767100909182
0.985547715648649
0.985852926540936
0.98604589318497
0.985851009456196
0.986072015340316
0.985850058065066
0.985784311402805
0.985676990500938
0.986036935457493
0.986021856728525
0.985514685276586
0.985697446544648
0.986065319823212
0.98610886794713
