0.564643647993186
0.563594832552125
0.564647201066828
0.564373633198855
0.564173475572373
0.565921792642164
0.564454684712985
0.564329939687572
0.564773504715108
0.564238630499986
0.564081863755773
0.564060540368668
0.564187229234569
0.564513930863977
0.562256278177018
0.56521018299845
0.564719677718758
0.563506574597557
0.564576878182811
0.565623818328226
0.563600745758316
0.564574276493159
0.564397720847907
0.563421121469299
0.563358426837526
0.562222732880237
0.564084900550687
0.561647548756477
0.564915972791031
0.562211647427156
0.564467979875347
0.565281492952781
0.564954843106746
0.5646941207274
0.564945811607266
