0.777961364999002
0.792168064231312
0.749647423277173
0.754011247100322
0.783945567055941
0.792712885288979
0.780933817977678
0.761512284824739
0.75593901609373
0.773671414390255
0.786978048961865
0.762291998962814
0.761880233248355
0.77223787460107
0.760869118211854
0.770126731870102
0.758625078786522
0.765189967150624
0.774793966721721
0.746458197500998
0.795601640757717
0.770687721566592
0.776986256205912
0.768951928308239
0.748842108756018
0.801152330644958
0.731037435787332
0.763047364835196
0.778292678939546
0.776152760817516
0.780888743584225
0.775966496174737
0.787935994930153
0.784001470921111
0.746758947120341
