0.939877083687812
0.931593297323644
0.91939033150826
0.919134059447795
0.925295121156982
0.944453059181768
0.915804293318458
0.926462857133308
0.926207714469359
0.938779242571315
0.937950416253157
0.941530589981797
0.923695592510014
0.937075982185899
0.945162898211677
0.933350950746289
0.937432153784656
0.934621259978889
0.913460185882201
0.93931832063204
0.925413267038229
0.932017807453752
0.911031024396958
0.931351253767231
0.923561446457564
0.945211694228026
0.932765197804387
0.91772716226152
0.914049501457387
0.92562078217648
0.93452214474864
0.922144430387843
0.932951834408076
0.905286423733828
0.94041175541725
