0.814124953425365
0.817266116523811
0.821866066753621
0.827259733536329
0.825119462925675
0.826974907755845
0.815333005408669
0.814729777908311
0.816196000675774
0.825496802096674
0.827529403523568
0.823299680248941
0.815240043433833
0.826331488399211
0.821331271806497
0.81278581048962
0.823518760469468
0.819215344811411
0.815397563304236
0.815948843712752
0.828130050410331
0.812610661895067
0.823111552218511
0.814383244290313
0.824315875325121
0.826013674258641
0.815270214772418
0.82078044458761
0.82387766390715
0.819621461468241
0.822086370121844
0.815813811369226
0.821009290326318
0.817664893298131
0.824828516644397
