0.825266599329794
0.785691348740587
0.801036270330531
0.827423262439989
0.826958006820017
0.776336737466316
0.784934995241893
0.83085399828164
0.802385859223483
0.793728054687432
0.79859828711098
0.7874021855177
0.794237768496151
0.821611454627091
0.790874839933788
0.832732185652705
0.801242916350879
0.799185829359071
0.808692947246873
0.805349210683527
0.799463880434054
0.797177840205136
0.801221954123125
0.802517932364891
0.761628504109295
0.835954329047107
0.800488684418475
0.794824906890039
0.780713461429652
0.794663081873645
0.810503229029025
0.796920753473742
0.751823367851011
0.800652385782691
0.837920210599413
