0.985929077218321
0.985932595984085
0.985931010947077
0.985940100362947
0.985934369117099
0.985932585271164
0.985931454151926
0.985936439136378
0.985935364382101
0.985939632405247
0.985928393520146
0.985939674287659
0.985929502203952
0.98592930760378
0.985931556604228
0.985935351713704
0.985930003613793
0.98593050047676
0.985935551508403
0.985928410823189
0.985935522646736
0.98594584480817
0.98593424797935
0.985933049399775
0.985934019635144
0.985931988351617
0.985933309358679
0.985946501123559
0.985939669299182
0.985931808614476
0.98592642797406
0.985928926898946
0.98593446197556
0.985934005977564
0.985930686285169
