0.100343384821423
0.26665426793262
0
0
0.304238962869091
0.0387465923025468
0.236394644190858
0
0.343727576788654
0.155376572495412
0.391184769504264
0.172803107306048
0.35013926318291
0.15221989766053
0.278819994410167
0.0254206055661399
0.00364783995476081
0.127670584624367
0.327688978727096
0.379911687607379
0.313823058614889
0.0283270111229441
0.196546238477494
0.245566943322099
0.169345624829273
0
0.398688240123576
0.00101809785392846
0.534986265233909
0.0893830667954979
0.206570033531575
0.0518472074938981
0.303524020114707
0
0.181801215609681
