0.911312297778923
0.930893340521241
0.912638133632489
0.910946354650602
0.912501602448966
0.911872994301473
0.909406766472006
0.911808137956328
0.931605150267677
0.912385262923938
0.913673405539988
0.910252140308201
0.924495601151843
0.911790403991847
0.912265257271142
0.916941447368669
0.912170445991754
0.912359716031087
0.911321845322449
0.912010157828832
0.909621777019202
0.91268966247607
0.912228358688668
0.913301896959593
0.912152752272828
0.911889746328686
0.911654320857908
0.912153728519442
0.911580798017453
0.913806522953745
0.914046832989375
0.916350263433252
0.912062515578871
0.91136143668072
0.911543025163914
