0.964348308006674
0.965536982880852
0.978529565140981
0.955914952037814
0.973524880082268
0.971112252359263
0.974156036153828
0.954173208593011
0.964577962477066
0.963568555063346
0.975986509638274
0.966981548122399
0.950204949138876
0.964178611090202
0.976147758747816
0.954600857241042
0.973117986120777
0.965483556755095
0.970523643494623
0.959934803500879
0.963986927445818
0.968262134548165
0.943150359816687
0.977709409837095
0.954442622841821
0.96585034307315
0.957463116292787
0.969931398012467
0.966178041436564
0.963287913607601
0.954317387995213
0.975781244332146
0.945824871322985
0.970373730825071
0.970081256375138
