0.984944155105965
0.985360224385805
0.984224285936045
0.983689210214988
0.98511297987628
0.984555713987102
0.984682386915054
0.985027381423782
0.984834972232982
0.984923419878421
0.983771774770456
0.9846378139849
0.983591265843253
0.984482206077144
0.981767278774243
0.982196328606124
0.982318725849952
0.985584584934069
0.982595156028269
0.983662235199117
0.983290477800469
0.984440467205846
0.985189414794846
0.983301731364936
0.983262433368441
0.983696134317108
0.983196443367694
0.984930186732742
0.984791507024254
0.984798826368077
0.983764054150375
0.98262923427504
0.984845539384757
0.985321908675635
0.985377554566681
