0.76249470146052
0.764486173372732
0.76162707993895
0.763812483254223
0.76191497585984
0.763018915586331
0.766733119340407
0.768597398268185
0.76218956237252
0.764701502799305
0.761226247675311
0.761386068865762
0.766652187688879
0.763346857463258
0.760531910545789
0.76375775757011
0.76699886681415
0.766370825125067
0.766420516741831
0.767325865741582
0.7669383321394
0.758618520511367
0.760335145907211
0.766486153432848
0.762959205690965
0.76170641403127
0.764063703565498
0.763339457844333
0.765559420577632
0.762962192510823
0.764754335226583
0.763929249380309
0.761736286396052
0.763148033390666
0.761775176923107
