0.313488240171355
0.0160729119809977
0.131620225646421
0.171178513136796
0.0946545611167113
0.221232185461635
0.116837652682591
0.152683394153235
0.153134420236557
0.20134014586423
0.0204742582651162
0.0847361693673341
0.212613139892573
0.102087074257117
0.096941609413437
0.0318598432877448
0.0157567215146174
0.182286285270112
0.200179758647026
0.064745324330496
0.181077169741881
0.117729576252217
0.294635387535019
0.157499019636192
0.0178943179029872
0.306991523843861
0.0512958789409866
0.0257612488557395
0.178350344759483
0.178375340716678
0.225421799327582
0.15664185591854
0.041542638262274
0.100936575754
0
