0.843346871497846
0.841544621291308
0.842206565374161
0.841358964627423
0.837299786903521
0.840976426432178
0.841497895989979
0.841878749467685
0.841215763338853
0.844362106742189
0.840076567526534
0.8468754705836
0.839555588184422
0.839641229302013
0.842619526706688
0.84226307583326
0.837706642598933
0.842326800722545
0.844226858015062
0.842284375190562
0.839977957890629
0.841706345453506
0.841807870447045
0.838776765915214
0.8411597974505
0.835149000486518
0.837221923012265
0.83810357457033
0.847495908200987
0.840309687665629
0.841918212488296
0.841727335562382
0.844944032381318
0.841289936031562
0.841742476400431
