0.762750971373485
0.760634662693325
0.689781021857358
0.684579589337657
0.709506452652382
0.642335763500888
0.638966825342895
0.493312638928686
0.645356275784911
0.653284671532648
0.599641791752461
0.587591219446723
0.798747952669923
0.685748093276394
0.612567997009915
0.698094614760112
0.700729927006997
0.667788227277436
0.598471569013309
0.59910475263827
0.712153290094057
0.613645841145155
0.681684150605726
0.569116671251978
0.510948905107114
0.615595823107315
0.679411121865804
0.661698303514507
0.741353974806828
0.768075171652839
0.69637714928182
0.653848115829353
0.622821760251975
0.546896822119898
0.700155415910035
