0.64499226882226
0.465451877713245
0.343209588312406
0.465107490824286
0.301224517736966
0.422270894797948
0.560977156153824
0.325316354813918
0.370969238130196
0.457005413898097
0.41321701970865
0.331489400841268
0.441337319864524
0.399927257075513
0.476338539360641
0.371527792373502
0.320076115631228
0.482036368299262
0.502309496539571
0.703400238016732
0.341780456243073
0.368697437475087
0.244118538273435
0.562982080317931
0.353271698944477
0.512135689134461
0.437282316185881
0.528314786674917
0.359242005174582
0.373227834800441
0.355850850915655
0.469875015969793
0.437075700963635
0.364834766035157
0.363437450419281
