0.96574840352778
0.9649657735415
0.962214154575099
0.965223284251479
0.963983674291871
0.965247953688959
0.965826530398108
0.964792278203845
0.962108782272372
0.965570544443633
0.963919921370849
0.964549723124422
0.961570105988618
0.965150141832906
0.963713389322184
0.966305753620167
0.965143512256504
0.963459749447657
0.967562244994286
0.9636772985595
0.965626104495914
0.967010681351689
0.962859990903011
0.965525662417835
0.965843049935772
0.962777145577344
0.963113662989
0.966393616580747
0.966146439195478
0.964767326394082
0.963088728308599
0.965045687794661
0.962360943053871
0.964154104546821
0.964165315369151
