0.902365100923191
0.907041124877712
0.886862208349224
0.894532609578795
0.891305525195185
0.885318934729846
0.889844169634909
0.913872000132972
0.894789081894769
0.901372307175532
0.923109297016467
0.905820860026833
0.914119632474045
0.919312120381415
0.92285631702677
0.908848962164731
0.904275675386551
0.903277808484996
0.900162063823258
0.918368337749314
0.904896111493407
0.885771378456498
0.922995928254467
0.8903007440759
0.916157763823846
0.918709889153898
0.919903446623069
0.909595084183202
0.878925278040581
0.895068973627165
0.882824592188839
0.909146440627657
0.920837411117579
0.899679461266054
0.899287846603648
