0.810766012964714
0.69908523829838
0.808682798903037
0.760872656294876
0.68766677647256
0.779699597049001
0.724396063154619
0.80494394527259
0.745538311538461
0.774467092665615
0.651896991878912
0.743465250822082
0.808224269020205
0.770809494640764
0.792703282414249
0.69842920027499
0.666636086841641
0.748569431996731
0.74865341406871
0.695953280168301
0.767000302381015
0.742733039222582
0.725787821936244
0.715968677967215
0.681442717286627
0.71836562268732
0.720630744749068
0.854072304523142
0.754422416509773
0.658045224250133
0.776143809985931
0.70205174231319
0.803929978847615
0.834756627811273
0.726710404124818
