0.713830660425239
0.705096918659674
0.687726219764324
0.644914178613022
0.638491329775451
0.642335632020053
0.548350113659015
0.474146609457126
0.643480939027487
0.604558557414533
0.583078233897448
0.533205610645591
0.761296689189756
0.674142047697936
0.603493386373762
0.636308627030485
0.681691166680822
0.601018007845287
0.569751469128984
0.568704349389363
0.675726378601486
0.573497469640438
0.647920681276498
0.565443160279039
0.430563944033432
0.610640240872001
0.633000815928229
0.645799679295509
0.619958660464518
0.728997330792832
0.686646571005981
0.594167437338044
0.618131093519726
0.523263631329549
0.571111685211899
