0.973934883867204
0.972776524717024
0.971371278118681
0.97554725489104
0.972119897080771
0.971277441038114
0.972696957811819
0.974959153874287
0.974506124715608
0.972496475494498
0.976546328355528
0.973276312530122
0.971817072975049
0.974884992892984
0.976179427940155
0.973011714112441
0.976248286352998
0.974919084753819
0.973117750276023
0.971701862940349
0.973365461824744
0.973704522652354
0.969585773615369
0.976238191900301
0.970994337264781
0.9735624390635
0.971365016154091
0.97200429132733
0.972473695260853
0.971059651860386
0.97285632745526
0.971160543665255
0.974484013630372
0.9735488215405
0.974627772712178
