0.703001548409745
0.68394712760542
0.690693622148308
0.702550673704497
0.693380727153139
0.699108712454589
0.678762358618327
0.698929456662042
0.705556962422421
0.689435274668464
0.690371482490812
0.704857503759407
0.701753093049822
0.701557746161367
0.688156843289699
0.695369187239079
0.700861473119311
0.712268680933179
0.702898619963819
0.711187985183314
0.687725236311461
0.669000103088924
0.687673623657006
0.698974623852288
0.708872069888979
0.701209003569817
0.693690473111655
0.696252763648976
0.686454689133311
0.70823391940662
0.694835868782974
0.682651133857844
0.697699932783775
0.692652670645633
0.676372920358088
