0.762773716786096
0.772663595507617
0.68978102189781
0.686408469735504
0.731001845347504
0.642335763500888
0.640892894111493
0.625935725716758
0.682957353577387
0.653284671532648
0.611799103445111
0.587591240873956
0.80834975514132
0.68928548770558
0.613188586437061
0.698956965940994
0.700729927007299
0.667788331042179
0.61629066048762
0.606895052871796
0.712153290317806
0.61470824094055
0.68177224774345
0.57317730458772
0.510948905107536
0.616097464371736
0.680461139413125
0.668403395942869
0.754562724796854
0.774851620424917
0.69749033183281
0.660284723333352
0.622821766822669
0.561535748088511
0.701807302835458
