0.655816147928483
0.640719395992932
0.646993770775957
0.663111115731891
0.650859718814987
0.644486429536627
0.645074483397419
0.658404710206042
0.644942921536073
0.644829455169089
0.647420688152851
0.6503160185729
0.636474560421172
0.65108608528706
0.657412368742697
0.622632055962539
0.656861955464062
0.644083894961789
0.654219479343535
0.642306765360031
0.642147544238493
0.648141531495386
0.65794563368949
0.650363531640615
0.642913463385673
0.663946958410117
0.647324225037838
0.654735150641933
0.652418649699931
0.650970397375868
0.651964473511267
0.652028203498491
0.641019825937809
0.641860595344561
0.6464951863573
