0.991042006688667
0.989671857355191
0.990713066270062
0.990191676482638
0.990619507341116
0.990580054850827
0.990684978665713
0.990583689413387
0.990030160645023
0.990951271980629
0.990509770153703
0.990918180800834
0.990378268148362
0.99025636202674
0.990325500317289
0.991282591112488
0.991070356627163
0.990511314072412
0.990378227523898
0.989950027816187
0.990382185917785
0.990372864723509
0.990372141587126
0.990443727069583
0.991210123023963
0.991020882181937
0.990991461552221
0.990607512262467
0.990618890796355
0.990094273889974
0.990173890603476
0.990615558271431
0.990732689595853
0.99067083593409
0.990969171643587
