0.94534232903598
0.940792426846587
0.94525192001342
0.931199978098261
0.934526107501601
0.943374565495194
0.929183380675459
0.942199770536939
0.941429909805648
0.944748032575063
0.93944074503036
0.941211888483821
0.94364768320978
0.93786311257084
0.938715418730387
0.935441076781126
0.938521670986512
0.940803324745282
0.935662714542858
0.938743416961384
0.94004709728821
0.940175682895367
0.935538913808808
0.937180868619731
0.941332332091132
0.943565801401238
0.94346680291034
0.937546114598804
0.939764122274737
0.937460368732338
0.938328074556756
0.943259869625628
0.943824673645149
0.935999172455886
0.940219218663992
