0.972073982058378
0.975007927796908
0.974675130793695
0.972309599916786
0.969177578111128
0.972014551221252
0.97123572042765
0.96929932631875
0.971846191269386
0.974701672572987
0.972783653754992
0.971510972624073
0.972338084590955
0.973806841921316
0.972642934908581
0.974405641545302
0.975453716991063
0.972374496001792
0.968292714885113
0.971505536168613
0.975717594723878
0.972149870340409
0.972710027220372
0.974258027400693
0.974958889391678
0.976397262602849
0.973996119527998
0.969785923811987
0.969666881437206
0.975746222566509
0.974886216082478
0.97362919209612
0.975844084349034
0.967104737984372
0.975082521017432
