0.704681040646417
0.494106234653806
0.349786611401124
0.516493533617114
0.189494312494403
0.383850393189835
0.496932750845778
0.330988078070195
0.322980366628668
0.395340515994578
0.440715110232062
0.381694071035402
0.416632191101223
0.555902188892211
0.526343750776912
0.431045149191217
0.581440631272578
0.68722663948959
0.319624068058476
0.676756210577536
0.711041138342422
0.304107579607024
0.393460411720002
0.410773870116022
0.70571547979734
0.734622582209399
0.368392363041903
0.467873125012115
0.36833557919755
0.423501163557933
0.469178230385143
0.422045586794737
0.708799365502367
0.28163353630225
0.421047518093246
