0.729511817767836
0.72122383918005
0.731968373041827
0.72695652220422
0.738083049536073
0.7385187575649
0.736077909619771
0.73189604835101
0.717943927142535
0.723235710459642
0.724653701112145
0.730202386125046
0.731142518705899
0.734830562458925
0.717095804442605
0.747605497447123
0.734072999813686
0.747336274258877
0.737327798449637
0.730951470354145
0.724026297716861
0.733879153876557
0.733768208173817
0.732965551440003
0.718117099657982
0.753545146793453
0.752413208805718
0.736369918130789
0.734769790635978
0.740754533511421
0.725444051793754
0.745182022801006
0.75046348638843
0.728895839699253
0.728805959895515
