0.626239849548177
0.623138802353216
0.627726063688057
0.635742617069679
0.62586488958315
0.622756685889119
0.62934850650233
0.63351792144923
0.636609313792956
0.621276379865945
0.648502856636009
0.625289540574712
0.621009222005973
0.632057857305686
0.62782007670325
0.625655861116177
0.621868440095582
0.616485914355037
0.632012064500216
0.627584148575924
0.63998384190374
0.639361480369192
0.633508321563428
0.620566213379848
0.628989635721968
0.641395294422401
0.626959284146052
0.649135146519572
0.633174533770051
0.637183836904231
0.614469965864831
0.614769465383177
0.629713892354316
0.619278442849327
0.644937579075966
