0.301373782844854
0.284848670581046
0.310209681746083
0.295721612649333
0.323240836970934
0.30739316913761
0.300580400575673
0.299725113941386
0.307532974537468
0.306361540137688
0.331772151061077
0.310690068972001
0.310176140633485
0.302604938895018
0.306422548995855
0.300099460339631
0.312223963794059
0.295406411369264
0.320735969274052
0.303669144575844
0.312806138072869
0.302314243739162
0.29675806100837
0.313093652039434
0.290677529682716
0.306390596711102
0.313210743352758
0.302685801197107
0.300011471253652
0.299263230538301
0.324347327429298
0.316110910124548
0.319189348634308
0.317762216884013
0.307055863322836
