0.963860337841111
0.964809623113413
0.964049515126426
0.963228851740565
0.965254522706808
0.964556899229158
0.962507740455875
0.965342738900383
0.964948333845144
0.965261596496071
0.965359312255838
0.964491948195285
0.964539422870642
0.964111276756378
0.963026227043495
0.963827485169602
0.964250614438038
0.9654864954882
0.964121510801052
0.964983658596446
0.964590678564454
0.964267587371159
0.964003821608346
0.963049456538722
0.965437193755717
0.965195539737966
0.964611374879845
0.965506593047471
0.963235679816226
0.963471849889259
0.963998921039096
0.965344921317909
0.963912640870199
0.965460460410269
0.965043285146617
