0.859412523246614
0.864508005903224
0.851910553765098
0.859474044648755
0.857961577824268
0.856342765833882
0.859834976834731
0.858089236954117
0.86108885767531
0.857336260849456
0.856176176532926
0.859441637080597
0.855202730219764
0.850659419737373
0.859024652144725
0.857385089270624
0.854923026950306
0.859051008277303
0.857371430897144
0.854384182715422
0.860626756648951
0.857612162890156
0.854796850724252
0.858763352786601
0.856932146478555
0.858639161291391
0.856469554885596
0.859655316693164
0.857226984525159
0.858716828184802
0.860016113116029
0.861551304886433
0.859161502230695
0.85828363165509
0.851321493895104
