0.823943354689353
0.832404506353437
0.835661912456694
0.838613893895377
0.848370586867917
0.804431385056192
0.833807654768305
0.847667374506255
0.859026951185161
0.820265359421769
0.840359109397632
0.843000346767203
0.855878167165206
0.847025959837754
0.839235270219891
0.825406320890256
0.809279686059562
0.83557044632687
0.865395543011179
0.844023994037765
0.810339054373964
0.87408099917221
0.828997555658748
0.844083287355947
0.841482857212063
0.847686909928353
0.854572584328593
0.839027034587175
0.868845589586901
0.832315811118205
0.829900308499191
0.842890796260672
0.821872364693566
0.845120788622523
0.866913193781373
