0.967683943181457
0.972432511619936
0.97067924291104
0.975681472920345
0.967725700476178
0.9712674175308
0.974004869934473
0.974848980861221
0.973258927992624
0.971493042328345
0.973260400982912
0.971868058367209
0.973539081447802
0.975402884147685
0.973757007523351
0.972413024202952
0.974186725482453
0.972337431139917
0.974339596077679
0.973170859381525
0.97260898519548
0.970436451045372
0.973364716051031
0.975007998258708
0.974481175897111
0.971519859815692
0.969991195760563
0.974673364276066
0.972756577490601
0.973681343342779
0.970871716707565
0.969172985799583
0.973943387078978
0.97168947803054
0.972115966366638
