0.776026576704158
0.788186304719544
0.785023782542338
0.783525230948958
0.784058017755236
0.783520441916159
0.781978930066522
0.786006866133621
0.780979263401923
0.784519464553952
0.787771466483282
0.783327093664278
0.787098883937906
0.783909864803745
0.786504201098054
0.789007289480047
0.785524739219914
0.785680700253936
0.784057924487537
0.784868814179165
0.784772207531778
0.785379131765266
0.78185746622456
0.785093054799824
0.781173411556477
0.786217344594662
0.784824422511
0.787116801609812
0.784445868533678
0.781592908670401
0.790339695871164
0.783658567514328
0.782335719897067
0.783840642541228
0.783961220384507
