0.809414823014524
0.815256983621356
0.809421213550269
0.816735220559851
0.80675118166936
0.821306435859907
0.809278231725045
0.812447568734901
0.806694435838051
0.807727272406744
0.814971499442492
0.809565003350633
0.817930357371879
0.815582985055549
0.811777964457792
0.8082919641104
0.815896423046433
0.815192887783693
0.813931189128644
0.817021776266583
0.815884822916564
0.815503594426781
0.812197492356751
0.817118565755651
0.817275040586043
0.817469474708612
0.815076686922461
0.811894585305308
0.815026871354106
0.819921083668528
0.810698632262436
0.814996670033469
0.817127442233392
0.817964032956267
0.808415011785408
