0.96333194182473
0.955467205489754
0.923397083824831
0.944120054493213
0.946228326643803
0.953514448917727
0.962826469662098
0.971635484017615
0.964909606797322
0.951999400323724
0.955429814791791
0.97794505953511
0.947497507406555
0.962995513496483
0.961807304194377
0.961084236179766
0.956823532932101
0.953541356758086
0.954070949561464
0.966763161082089
0.914462589618081
0.937702839234441
0.990422359528239
0.949236654670993
0.963186691554403
0.928338216227537
0.937621343554643
0.949915414739367
0.960396012734241
0.961415810207431
0.953429311928786
0.980096697203011
0.963289101598656
0.95360718380012
0.968918497186571
