0.768578223383863
0.86248665000379
0.796755745152937
0.849729570801865
0.777079648009752
0.788081019787436
0.810559120215241
0.787760329263029
0.812186735119396
0.827083098426996
0.857209976938459
0.782275221901488
0.777708528899462
0.831827334150314
0.779526762251522
0.832719719922123
0.866183292772686
0.73564559793181
0.854521270550616
0.85557311342573
0.758846622779864
0.820099027178711
0.819198961617714
0.77869183594501
0.85021818861631
0.783563277251114
0.818062369472236
0.809542826347514
0.771509892285756
0.836078939795325
0.789338473676121
0.756699170830318
0.861374462991296
0.773908609365667
0.507938213772172
