0.625432593936153
0.62688510208151
0.646468961558925
0.645023637526869
0.627078913483896
0.636985305141031
0.632079315847235
0.636708298563817
0.649697585762433
0.625796232079994
0.632096794758895
0.635800233649411
0.645245802882642
0.647204657921875
0.641912113365015
0.613440108378667
0.654049615205437
0.639898563140343
0.643565583740893
0.646255838084007
0.624215244635377
0.619083647522187
0.641032190835143
0.632950027071446
0.620371546157233
0.636504506998162
0.638389829226097
0.641803940637721
0.638475128224237
0.644393538456833
0.637911167057886
0.648963225570423
0.647139888801677
0.645146595422033
0.642194558196321
