0.857365596848991
0.863671409731807
0.860378807761608
0.858956173375654
0.85879925342586
0.8583395431851
0.862902022052661
0.859866172217377
0.863189791936557
0.855886601069672
0.858111888433593
0.858481703430545
0.85693347758649
0.860130417337701
0.86092336418651
0.858766309673989
0.860030194839783
0.860480680543632
0.859479058210187
0.859938392878174
0.863081726141459
0.859227495882445
0.856210803886762
0.856657395387626
0.858035552608734
0.859596422008416
0.860383011781272
0.859867399928039
0.858741419242981
0.859281005935948
0.857675945884263
0.864989218213329
0.86015955503928
0.85909032928217
0.856883742636708
