0.965341947773828
0.963224339768998
0.964540086851544
0.963524586397777
0.965945648507568
0.966079974193106
0.965846401122501
0.95986607121738
0.964766830070086
0.963532501921491
0.963845839205538
0.965778197394692
0.962821161584497
0.963889393622213
0.964132012078542
0.964819105449537
0.962719451930083
0.964751977599196
0.961620151904263
0.962611388531312
0.967659480308932
0.959419095290484
0.966388323965329
0.965373563332235
0.96248112630637
0.961866129271762
0.963663820608636
0.962524832170503
0.962516490908619
0.966624824456528
0.966526778455737
0.961289773501837
0.963699725933052
0.965031129888784
0.964598122992765
