0.976476499506016
0.975993747863962
0.977414390967978
0.974923898603608
0.97905190925881
0.98068787957914
0.978369186879765
0.976411261812205
0.975540815232912
0.974901730068078
0.977719937819898
0.978617812660588
0.97744878368872
0.977440089780119
0.976570725654605
0.977310917835832
0.979537064552881
0.976727765701966
0.977837142700669
0.977983256658874
0.978229834666967
0.977762275680734
0.977253279439023
0.976359685826036
0.976396181082285
0.976290778749067
0.977577468482738
0.97745537872032
0.973098903899998
0.977190462859198
0.979737121180518
0.975946899246877
0.978977087263224
0.977673401954098
0.975793881258382
