0.759329723423473
0.664732893842374
0.761978768756952
0.733945175994324
0.653628229784344
0.74952342853498
0.69149893950433
0.766125552498128
0.707045388218522
0.740909751125217
0.620593115446909
0.715525035243
0.766887823041149
0.731871270605205
0.766234746608016
0.665570603681693
0.627387657625325
0.721067076718881
0.709187261352178
0.659800987009677
0.727325613188805
0.710872163888228
0.694716475011734
0.690377053039284
0.640754380620152
0.670812579136288
0.677868951396298
0.775936753080248
0.718225697064741
0.621744576363387
0.742349039496435
0.657827559046319
0.77260675696987
0.775616823315788
0.69211512454407
