0.528365846380733
0.511460452098976
0.532995318079308
0.567301722453386
0.557953234206917
0.579409244602998
0.540726601797912
0.556874849502938
0.516354399037197
0.554841582835041
0.563638409234914
0.555796745159327
0.534870943030395
0.558659229678068
0.51509266399457
0.534929923530219
0.548711263977681
0.53615465497431
0.569098277119435
0.516008863055338
0.555454303083393
0.537436777882464
0.530044430073174
0.54297270179006
0.511026591972776
0.570943785531625
0.532534830688518
0.530612895477808
0.544281279525706
0.55550391031373
0.561720024158751
0.5092456606485
0.515770198927439
0.557919364218827
0.530685698126336
