0.830851397645713
0.825716918209169
0.79586992779435
0.849517024992497
0.891854370566303
0.857757997432173
0.842149089070956
0.862792090456317
0.866768372954048
0.822185813308739
0.83690730250562
0.75663011347551
0.837990694333583
0.862418698375533
0.763079698524811
0.84063090120868
0.827778774544892
0.905667685519776
0.857297595567286
0.881103075576778
0.82552715243552
0.861784383179937
0.737834874227313
0.83894338611111
0.871489347807702
0.804799861487224
0.758556831968737
0.812467902130158
0.848262431074406
0.895651173618964
0.723584266019946
0.895502906511644
0.765044505245289
0.846317950583807
0.843255295872393
