0.848820528587191
0.855596019434043
0.849446219128164
0.855335039387203
0.852608217681552
0.855846967962906
0.855988570401116
0.8507531718117
0.856634464576779
0.85817229300913
0.853207420729057
0.853421185999533
0.851399291576999
0.847940255683116
0.848648546932371
0.85431435661219
0.85073869700059
0.854142954428093
0.854869494013841
0.852180378186667
0.860947229500595
0.851370301430888
0.853243465475245
0.856564617462099
0.856820458194279
0.855760965043445
0.853206474014456
0.851827400881583
0.852387906447502
0.854796507331072
0.852574585530936
0.851375510358982
0.851018257159777
0.854674804137928
0.848645910459641
