0.990117872533566
0.990935733729735
0.991030173541967
0.990531252743505
0.990567490498127
0.991049533803465
0.990437048154931
0.990648989975525
0.990946774410006
0.991042975082644
0.990699353836161
0.990213039409776
0.991182273848567
0.990926592735578
0.990754311460963
0.990334768040989
0.990434868799087
0.989925797503366
0.990701727438279
0.990452221588737
0.991008872991875
0.990859388640922
0.990307150962797
0.990320106459098
0.990587195064219
0.990515235400321
0.990397613108781
0.990517431363738
0.991128946781931
0.990688015285095
0.99090004073267
0.989975164177784
0.99027098541328
0.990946329758041
0.990247853177401
