0.780482747830733
0.760967953457379
0.782380514154563
0.798781129426396
0.781114593419052
0.777295241001283
0.78779972593634
0.78120957362856
0.799705229349659
0.775237304603969
0.784316144779215
0.787262176988001
0.765172446811035
0.785004994142208
0.772263372355676
0.791719231708079
0.768872390387383
0.781258879864358
0.771772771346282
0.779664074421239
0.78811434185478
0.788848315951755
0.777052901675415
0.781631590626391
0.771856937212548
0.793414644344543
0.780039205274721
0.782701929051164
0.77715010845591
0.78496349991472
0.79686346842
0.776324936960465
0.791877026165988
0.785215574095384
0.776722757908862
