0.642789094593086
0.620287828548376
0.616390279991147
0.637232377193518
0.651395109062511
0.638276354853337
0.635740498808401
0.645426708174719
0.633705612295923
0.630769067316311
0.656018317119416
0.65874923651356
0.641720008733026
0.639550663889659
0.660435322697236
0.62789551089686
0.632697962171234
0.631802498133186
0.631130356165321
0.648346061877034
0.642535904613665
0.627220459454805
0.661196008221595
0.641739052308208
0.637681212115381
0.644438433714522
0.648984358618655
0.643043377476061
0.645244963216395
0.636189524212495
0.639339807977806
0.640298921170401
0.656553631457186
0.653194706122903
0.621804979497856
