0.854877739768382
0.823983440925699
0.851662595310797
0.83027751474835
0.828283811317951
0.852288065708297
0.849782368804866
0.867339659998614
0.847630470670552
0.838111383331259
0.829329240674821
0.840378642823039
0.873392935668169
0.832162474284715
0.853701028100014
0.827979671432193
0.822959812525642
0.829753029588843
0.821921542590748
0.849086946100892
0.865249832472042
0.831474571290172
0.850501573852471
0.848170818008853
0.829055555395055
0.830909732526565
0.837225932530634
0.82613664671808
0.812623443851842
0.84858347035785
0.857281353975139
0.858275078501036
0.825968497876658
0.876384436403331
0.833708325451274
