0.883925415032995
0.892527818216484
0.879951155436695
0.882439146648103
0.88613839442238
0.826961791968591
0.861522723021973
0.892794836760858
0.893740904967498
0.895757758506867
0.856851586116841
0.89403561725716
0.894166860975047
0.909262740014264
0.877564211258579
0.818423568050508
0.855470667733203
0.858756750637939
0.911046765749405
0.852302129632466
0.876139617667107
0.864458493935744
0.856548533476958
0.87420177868995
0.893560134328247
0.908245092627131
0.812285081247362
0.85462107096984
0.8312728610734
0.840631441371263
0.891614503800278
0.908351406084116
0.890004538457498
0.868898901546478
0.894885299801875
