0.5826702882768
0.564969010946677
0.598800806477436
0.580627114455662
0.576887277878778
0.602175526336842
0.586208244540656
0.572092727502083
0.591610440818831
0.605417507639351
0.577314209670341
0.595270971779411
0.58710117874317
0.596813937365018
0.559098907597448
0.572643279365027
0.591324031586818
0.583309274609608
0.582305240904193
0.58005581381984
0.571120423292063
0.604546210528907
0.563579306992497
0.573392123838639
0.586205989947533
0.586564129104489
0.586129560172792
0.593438658162556
0.601561312837276
0.566346000133247
0.599258425495282
0.601460397239307
0.579545395894653
0.57876665409574
0.562271416334523
