0.769869531930402
0.781426179632463
0.783315865325548
0.782975718184228
0.779580216843363
0.782436158343786
0.779213194321332
0.784998365799484
0.78181207344092
0.780604976128761
0.782572252119377
0.778495684407692
0.78591503032413
0.781718600767628
0.785195541034707
0.783430546506468
0.78394384322359
0.78289761066257
0.782219578198341
0.778867574868498
0.784853899457771
0.783209001110863
0.771320689289087
0.781566161824994
0.778121288791976
0.785522910893425
0.782951466814919
0.783093269539682
0.780655712488474
0.778201098709761
0.787006167981942
0.780546699811369
0.780592678534629
0.78319985131226
0.782481709229392
