0.969517015680967
0.968149368838009
0.970034341045221
0.968579527151117
0.969097749377177
0.964758469847691
0.965910638562836
0.966255928537443
0.964666429318392
0.968830642040607
0.965149784454728
0.965762886042204
0.971410119018109
0.965413113026925
0.967270068155363
0.966263166937098
0.966667570844561
0.969336717756983
0.96625388877655
0.970201133807347
0.969561555364641
0.968129069636588
0.968868044210077
0.965967864989894
0.968436378624604
0.967773007595759
0.966616419928258
0.966647545073979
0.967018989992475
0.966182705621052
0.965769296054338
0.965052929806071
0.965605081305839
0.9686279054811
0.967210717000698
