0.755171858503393
0.730872819793439
0.689780961142893
0.658076013244882
0.694415974602756
0.642335763500888
0.638631559225174
0.476963970258463
0.643992492705736
0.607522312403139
0.59405589640026
0.587590874954857
0.787020166538339
0.684433193835328
0.604751516694768
0.639581832873931
0.681745585353914
0.648485762345368
0.582072818952616
0.574799375616228
0.712153235210952
0.611868340857505
0.662288737593133
0.567532364165763
0.507697367979488
0.615568574612353
0.647894989153422
0.650792838340496
0.682263800264001
0.732096879863526
0.688134756301007
0.597668060114574
0.621206080466693
0.531163992847892
0.697975228089492
