0.970171466012552
0.976761642704191
0.976085298071868
0.975368968599284
0.9740584270213
0.975015311885141
0.965215803611571
0.975323768363702
0.974141718693379
0.972633105200988
0.974118974152918
0.975297870317834
0.976946655617606
0.977436068787951
0.975991169718053
0.973356909621277
0.971539235813858
0.977059520243466
0.971777852497618
0.97556351410886
0.977759394220058
0.976261704315544
0.975030526052066
0.976038755611071
0.973958375913048
0.975729088285479
0.974629618760433
0.97902745989823
0.973517088790133
0.975808985434274
0.976304999391537
0.974122103601308
0.96850339207915
0.973221921994616
0.972682029200158
