0.859532643203404
0.847249883523818
0.857948103808268
0.868034345226773
0.880764865752993
0.873890689956898
0.879099863672943
0.869336751468
0.882524660706222
0.891138614634309
0.872988448941753
0.859383816527321
0.854468752525729
0.869230121954166
0.879832359749353
0.871681507010937
0.89429127243527
0.887513418399838
0.894850220573682
0.857517464765902
0.848848506150443
0.874560468506906
0.862707059930503
0.876782275095736
0.848346920590392
0.86155436732365
0.863206268104451
0.862341394407623
0.877462995540611
0.856843508523321
0.885688363016188
0.865623171887564
0.900667852093238
0.879364100885513
0.843128686661265
