0.962667112498273
0.949466020113056
0.960258274058581
0.968797582760516
0.961181651475398
0.963346294124507
0.956035413540424
0.962934869445756
0.957679564604709
0.967558449206524
0.963434623079478
0.963658570908558
0.965437224378155
0.963135149793128
0.967100654415016
0.964663929201181
0.952321064438437
0.96759958448002
0.967439048926499
0.966194509060762
0.962531767192976
0.966415215780212
0.961543981220326
0.962344817327723
0.9559161332458
0.965018731741184
0.959804078630035
0.964552677051496
0.965998321841874
0.965155385045524
0.969445774945614
0.963896165748563
0.964582580260524
0.967243279150119
0.957212602836302
