0.656752900595284
0.646334594776776
0.642788433011575
0.630234986674392
0.648112995245533
0.634224955208623
0.652458591400365
0.663187357112583
0.645977862967296
0.636394468779469
0.644771928819607
0.654548221119639
0.636202016466658
0.65569624784182
0.651029296038674
0.651341655714956
0.645150585970979
0.65558389696355
0.651127769700939
0.671327899418674
0.663714532449275
0.639432256871513
0.653445513235257
0.654464394833657
0.643306942758383
0.659522683972679
0.645541760311409
0.640578631473012
0.650552070957014
0.647246491886823
0.660492762798807
0.636769042725688
0.652156535183408
0.63463491305752
0.649323491300399
