0.777472226123314
0.672557277798857
0.772739770248613
0.742400018275123
0.661236344938509
0.756858998043152
0.698630696971896
0.777971096922457
0.715270953325128
0.750111581804022
0.630669217998644
0.723397608755372
0.777159598709074
0.738871753350898
0.772071038494324
0.673672979533365
0.636399051906662
0.728358814466556
0.72540274526918
0.672193956083935
0.737551844556586
0.720221241050177
0.70341569634997
0.696382270300686
0.652149584015969
0.68493032876669
0.688694318036136
0.794165651313909
0.725792868478233
0.629883035112314
0.749883445354791
0.669185006134985
0.781121209948394
0.784811098203535
0.703594991242457
