0.347897349521923
0.386466858893302
0.355208143777618
0.364920133148673
0.356443141798413
0.36921739341574
0.334502955093239
0.362457922805884
0.380801926240858
0.359353806480606
0.348223259611015
0.366923450451319
0.348767511764226
0.356086791393663
0.350027844949086
0.355014155757574
0.349340452055543
0.366137875256291
0.3623902464526
0.312127153158634
0.365439372733764
0.364874966749582
0.35002374660644
0.367084605255432
0.36669772693808
0.343715634536288
0.353806680534469
0.338670320350684
0.358705468625809
0.357580698553388
0.355907223761473
0.37209583323304
0.346060125025914
0.342262933994393
0.367476312958824
