0.779652786854023
0.758124775827078
0.778621884893095
0.746459832986422
0.772997576591398
0.793653906760363
0.790196372251436
0.777695441585456
0.760136014917997
0.789621860150029
0.763421791196719
0.782978884999256
0.767962098586487
0.764935175365636
0.764324394432088
0.767086371382713
0.775679555981325
0.75910351647766
0.771382163483483
0.754957825194901
0.761261849015279
0.792495932624799
0.798496671396832
0.791604922691405
0.774333933573535
0.779302896676086
0.789883333981947
0.764898987304183
0.775678702745515
0.774459124560891
0.789933544464482
0.787625752862921
0.756982146023778
0.781588916268254
0.779088072433594
