0.971079394401515
0.966588123722281
0.966665082701335
0.967757207089762
0.967447116471511
0.966478282613872
0.968142121732066
0.966989598035504
0.96343392149611
0.969794527741533
0.966261553546632
0.964098879103612
0.970168166271099
0.964322398565801
0.968539672598265
0.964348684672966
0.9680856156845
0.967399000897376
0.963899521561224
0.963286410623754
0.968402572645051
0.966768088896456
0.968683364640664
0.967714534846201
0.966633777388163
0.965977708722897
0.968274183259953
0.970614909561978
0.966249562794828
0.965024941493609
0.964378719811184
0.964961122251865
0.965434063734134
0.966753047793454
0.966358891269878
