0.580139588151724
0.565588023817534
0.597192650172622
0.575071463982983
0.571056776006908
0.601559347708914
0.582927597866867
0.566876983512813
0.592453576901855
0.603422100664176
0.576796583327774
0.591569801185225
0.586058870343481
0.592236509253439
0.55475938855899
0.570835009475402
0.586859660013392
0.577855921160995
0.581170539631975
0.577276425413358
0.572014199884476
0.598383733247849
0.549008366285279
0.571147017287106
0.580396763479042
0.581963130612405
0.586013068274707
0.592162158117024
0.595991299268477
0.574415082104925
0.595378133142595
0.599670685015754
0.581207138882882
0.57930781007989
0.56069760362613
