0.976050442792293
0.976531206832014
0.973494046773428
0.978278124356579
0.976892995882943
0.977881243840713
0.97603990524105
0.975100957703644
0.976250846525962
0.977527458925848
0.975466892120455
0.977927944768668
0.977133472820099
0.978449833135762
0.975933874805922
0.977612930156864
0.975698135851647
0.978446074789145
0.975067449904553
0.976773023563486
0.979470673188376
0.976188951040646
0.979703895677166
0.973121429284346
0.977449367525976
0.973869159704507
0.978285273204359
0.978002630758878
0.975678165092883
0.978096272042447
0.976915798107559
0.978760969893237
0.979852038207887
0.975330323165485
0.977472324232942
