0.89760494280505
0.89579596594611
0.902912757848842
0.89954610077189
0.890700476735153
0.892210873417405
0.894163630572247
0.896097313854527
0.896214514826416
0.899451853301292
0.902014081147403
0.902394521281216
0.890420529787808
0.902568495298211
0.898380337828171
0.894343745329287
0.895187550173138
0.893177851867463
0.90606362877501
0.903728903752712
0.893959377118115
0.89538417539642
0.899743984764039
0.90258626576662
0.893930469661348
0.904345735142816
0.901509139289578
0.905223062422434
0.895089782799002
0.897790653702878
0.89489416391386
0.901775287031665
0.89917178396588
0.896687098122864
0.904954922067336
