0.960363973805693
0.959739678612679
0.961711678957778
0.960453808300983
0.957752062518338
0.96564369537772
0.965062717692347
0.959973165988708
0.959966109312328
0.958283262884113
0.964000358601676
0.959481257371832
0.961223548166505
0.962468648137609
0.959507522542602
0.961017829999995
0.957486346668226
0.960291010883279
0.961985183238693
0.960134927307092
0.960407339565569
0.960269037934107
0.957426563324281
0.959237445705606
0.962065420206631
0.957983035209094
0.962367805614265
0.962368473311738
0.959740524594349
0.959439830687621
0.961076817353377
0.961891302411712
0.960588222253669
0.960389581023265
0.959410978899063
