0.349970081791639
0.35832094454461
0.367763267353542
0.36348088644619
0.36771907494209
0.377810866279533
0.371441035667826
0.374725122923122
0.363072642629404
0.369565437553186
0.379084505553888
0.380153192111296
0.391892046469166
0.367893872507838
0.385334875512261
0.353489296420433
0.359061174125448
0.378131404560755
0.386339795683052
0.383048954990665
0.374683890104113
0.362551981116382
0.372509174980623
0.375988607312084
0.367265604841805
0.388737836961982
0.366883700870809
0.363053326282347
0.356786204939137
0.381784424115868
0.363649013540583
0.376355797936722
0.387908583966145
0.369264407766916
0.354043052482086
