0.778764650026556
0.760898260988219
0.791263402979609
0.75711101224451
0.767991947652041
0.79666851330855
0.769345884310867
0.757228131345367
0.755451136019216
0.751274501909038
0.79276803579945
0.758484909158586
0.759446861042335
0.779731936828515
0.783243013957605
0.777352658211374
0.740987804056906
0.765036307854868
0.762653098958724
0.76869879135061
0.766281374031233
0.764970559099499
0.756397498221983
0.770173400876305
0.755130986877301
0.777562784467242
0.798175361785507
0.771486715760928
0.776587786033557
0.768495056562479
0.749082416177959
0.78063307603568
0.775290790762133
0.7753853382697
0.767197965345293
