0.816173554463993
0.704590561247814
0.813133498842751
0.765337129635478
0.69377800959378
0.78325794334283
0.728004473597555
0.808795351020046
0.749490042789377
0.778941703609209
0.655862686232629
0.751135222342926
0.811961275024639
0.775236119033364
0.797759072223137
0.70282160198479
0.671682646048414
0.75276941373368
0.7530160215012
0.703046050125122
0.773224181572398
0.746704873142937
0.730759612348237
0.720058426016893
0.687429762600885
0.726209906676858
0.728022586455635
0.857622904245005
0.759262649661952
0.661475547194518
0.779911285730803
0.706323186906347
0.80782846410661
0.83702641265656
0.731964281702421
