0.939149367008313
0.945257536335952
0.941378265467045
0.943037268459241
0.937323091033231
0.938339328415729
0.94503014427187
0.930210728012232
0.932392162513204
0.946084987630894
0.937288763378507
0.942188544796046
0.939373027372096
0.939187087947547
0.938268076765924
0.939085576392105
0.937480728232092
0.931435944483012
0.943705694333411
0.940193550536941
0.941643493639831
0.946740291049853
0.927882953159769
0.942841741926832
0.939688238629086
0.932726092041987
0.94820107883609
0.941858966357694
0.945224903848358
0.945140614534473
0.937625252648837
0.939615098906182
0.924645658054466
0.939450118268952
0.936546961130372
