0.989443354650643
0.989444742368543
0.989443635401063
0.989444785695067
0.989444103607515
0.989443390596027
0.989444237084512
0.989446523843823
0.989443379365724
0.989443337241187
0.989443733614108
0.989443378974129
0.989446253499179
0.98944406333898
0.989443214742531
0.989443551902743
0.989443663709316
0.989444178648984
0.989444001077891
0.98944336507239
0.989444549992819
0.989443962127562
0.989443783521249
0.989443236745143
0.989443652545955
0.989446997136097
0.989443261469763
0.989443599026963
0.989443226947002
0.989467349367007
0.989444452511896
0.98945342505533
0.989445066865441
0.989443383472808
0.989443196603968
