0.9784880680706
0.978481249906242
0.978482193749766
0.97848495185674
0.97848373974323
0.978486690654553
0.978487842414692
0.978473258075341
0.978484255627946
0.978484027667721
0.978480752088024
0.978480674881028
0.978481324915245
0.978481907301449
0.978484122113204
0.978485298470055
0.978483838079651
0.978484057728513
0.978482475483287
0.978485977046171
0.978484869029408
0.978480980516821
0.978482240240441
0.978479980855537
0.978482997129151
0.978482915913178
0.978488971674539
0.978481001551601
0.97848123534955
0.978484785785209
0.978482227501823
0.978481525510324
0.978483722969882
0.978484008334236
0.978481359737228
