0.797425491722214
0.807046684395619
0.799723258961096
0.801506153257317
0.809658462840826
0.808667551755494
0.808731356275394
0.812360223643355
0.797657861102171
0.803664417872456
0.805535932379553
0.805005851451468
0.803600631583759
0.802763908394393
0.808456230646729
0.813887622776314
0.810916568722456
0.795514986422334
0.804289733484393
0.808526610701029
0.822179833308263
0.816508330003201
0.807836460718218
0.799673063289259
0.818585128140694
0.804280131146329
0.793364524264453
0.812840711612808
0.810650654182351
0.81624404176177
0.807211546725666
0.805111731255792
0.798260211107466
0.800696155453879
0.79588300973136
