0.91396147278938
0.913893880083187
0.913993957089007
0.914071777615107
0.913963964810239
0.914052978858808
0.914327243266311
0.914062710424727
0.913885678383004
0.914094058716559
0.913923347664686
0.914028534669495
0.913878148016047
0.913973975340411
0.913929822949003
0.913917065264924
0.914054544162101
0.914015602059303
0.913988477392847
0.914026494682306
0.914099097858681
0.914056649420578
0.91395689776314
0.913950099940467
0.913954415591627
0.913956306106176
0.913936323174957
0.913927682614464
0.914022073366305
0.915099885108322
0.913882822755147
0.914129230424368
0.914151667219139
0.914064439175945
0.914055486776867
