0.964717697175013
0.964759208067287
0.964584184038776
0.964694481605795
0.964754961581663
0.964744648041291
0.96470931839585
0.964711377829148
0.964738077542303
0.964749215012381
0.964752824330454
0.96455090735599
0.96475694833126
0.964760023710919
0.964558359689569
0.964717993759706
0.964513870763581
0.96473969402836
0.964575033426174
0.964729587194847
0.964693533768658
0.964757641651621
0.964758930025105
0.964758540882585
0.964757333187848
0.964731660767234
0.964758747006756
0.964739885084853
0.964755989253568
0.964747232583295
0.964753802472226
0.964758365645265
0.964749506017972
0.964759478655705
0.964752110829333
