0.950089656271782
0.95013566969222
0.950131139630567
0.950085727240758
0.950093958658914
0.950136499050056
0.950089773306752
0.950070577627192
0.950106586251528
0.95007708214382
0.950102707256752
0.95011830525259
0.950124067376368
0.950160333436208
0.950066346513033
0.950108869662287
0.95011990257736
0.950116941812325
0.950162081372358
0.950082769524262
0.950081076689776
0.950089907064398
0.950094029183018
0.950230927914904
0.950148236460321
0.950104437063927
0.950076761741177
0.950073182370922
0.95024324038886
0.95010434889846
0.950151155354002
0.950080387626966
0.950077798576428
0.95012646819879
0.950189932686991
