0.978485162619222
0.978483585247712
0.978491274491461
0.978481177276493
0.978482748884105
0.978480220430153
0.978487688576918
0.978482757684268
0.978484206715811
0.978482407118299
0.978479822062698
0.978484454293725
0.978484419655642
0.978480838334399
0.978479784666719
0.978486922312295
0.97848890644296
0.978486190892389
0.978489248800954
0.978480278536348
0.978480551919703
0.978485160952222
0.978490906105923
0.978481606016796
0.978477315987905
0.978480775059342
0.978486529085711
0.978491619440668
0.97848192083677
0.978488699306053
0.978484920621863
0.978484664085755
0.978478539399555
0.978497972008108
0.978485301682012
