0.992908062273786
0.992908345191199
0.992907737731498
0.992907743431389
0.992908192710178
0.992908034304685
0.992907957521391
0.992907644971575
0.992907953871567
0.992908322145173
0.992908167281612
0.99290786658081
0.992908165248275
0.992907925421641
0.992908261288086
0.99290892487844
0.99290835491668
0.992911677682982
0.992908238843316
0.992908114125188
0.992908835914663
0.992909497629191
0.99290819718068
0.992908021882638
0.992907951222881
0.992907944500262
0.99290802772716
0.992908365317148
0.992907891190805
0.992907970477167
0.992908132593323
0.992908327442967
0.992907957601572
0.992907850963434
0.992907878476829
