0.989444159655297
0.989444215183961
0.989443921897374
0.989444667249179
0.989443942914583
0.989443315305328
0.989443891822249
0.989444484383289
0.989443518662431
0.989444485391588
0.989443623954435
0.989444720954676
0.989445619725069
0.989444406135414
0.989444172429788
0.989443862462876
0.989444080997973
0.989443272969625
0.989443610636329
0.989443377686686
0.989444139016327
0.989443837515806
0.989443919611525
0.989443974249216
0.989444810036361
0.98944465036261
0.989443658865799
0.989444947354041
0.989443331117717
0.989443832313624
0.989444191176317
0.98944646015003
0.989444030712783
0.989443810741377
0.989443820130399
