0.941755320381667
0.960141979076931
0.947791582715361
0.916016575928796
0.953110965282688
0.794542936611701
0.794564268114287
0.794674584690298
0.957294600837482
0.953542097813223
0.941340976520714
0.949401071460943
0.79407632187514
0.947996847005137
0.922407048240726
0.94886888791162
0.937951352087802
0.958349550492848
0.794516214355582
0.923482000375196
0.913415757083479
0.959156741571977
0.93918287962852
0.946513503170057
0.794580088853033
0.932573931343976
0.794368798212047
0.953528804433868
0.958331393574432
0.794425309594199
0.955030960455426
0.947228256944386
0.950178365993037
0.954958412875688
0.794530933372606
