0.990062655770516
0.990470906904175
0.98590029074527
0.985545917386918
0.98966198233393
0.988349109093134
0.980504244099695
0.981572494202856
0.983555402926686
0.982323335889297
0.991104680851964
0.984560822045039
0.990779213956682
0.981631406630343
0.988940030036889
0.98672394284871
0.980212642854913
0.982061858673771
0.9897847831654
0.986483963495133
0.979590943836048
0.987887173369341
0.987678426421241
0.986476512130446
0.984117267267038
0.983769200774293
0.985122259162674
0.985749196262728
0.988020154935894
0.9895339813106
0.981247468732626
0.989597763798445
0.985196054420837
0.983729187260379
0.98267591031433
