0.964719746407915
0.964759851129679
0.964605806526874
0.964711826391828
0.964755376632327
0.964746516627637
0.964717633087008
0.964712678455555
0.964746329626564
0.964749010007246
0.964754405568557
0.96456019940174
0.964758476926974
0.964759901100356
0.96456971318753
0.964734625538599
0.964522708512353
0.964740273873411
0.964580217252592
0.964732528418045
0.964705724072969
0.964758425434548
0.964759359123675
0.964759483812225
0.96476008362265
0.964733961758991
0.964759644651365
0.964751344559302
0.964758502861843
0.96475085552007
0.96475468654056
0.964759466960586
0.964754318385837
0.964759762698752
0.964757902074153
