0.711540740781243
0.513606920351758
0.577627074264015
0.516770571845663
0.612525611980716
0.611389978918524
0.676554468059553
0.579897531397687
0.606045531428976
0.622419010560813
0.668242209344541
0.611709946658713
0.709890625566998
0.569551139732726
0.507964684357931
0.513260134747163
0.546290589469862
0.470837467241877
0.574709337561261
0.533989925755942
0.595131410548629
0.588170565399473
0.602152530456563
0.554575478733763
0.7085414470231
0.684585607089069
0.559705387810666
0.659422421630567
0.653796860282086
0.709109656371316
0.688677072121223
0.578746617064102
0.569570287089596
0.574581840092861
0.641689745827133
