0.770820432987002
0.765954869005838
0.776720987972024
0.750965799490157
0.772642407632112
0.761608062790714
0.759574735944473
0.773587138714806
0.757702758140067
0.77235877595142
0.757585011195631
0.755259845239627
0.768682004123126
0.753940600021517
0.630110104713932
0.754604562354311
0.755625012995093
0.775454306120349
0.777759846931451
0.772880961255881
0.76611830535379
0.753984876293162
0.771260895254441
0.767733349256992
0.556834246581521
0.765384173031203
0.764560631648972
0.756334350231158
0.763582987360637
0.763176318478993
0.768248262606355
0.761584151932005
0.756071770299457
0.768621071078784
0.761254421942742
