0.855558658574768
0.859254490005675
0.864121478644609
0.858819838216977
0.856671319452555
0.860846445335553
0.857670535952845
0.857757859887543
0.855382930320142
0.859544615364305
0.858519487992539
0.860732777427583
0.867410171433376
0.860333680621646
0.854584560894284
0.860187407254349
0.860954508257987
0.855905652477982
0.858560174902196
0.861625984000245
0.855795399251377
0.85831072464008
0.864855298434469
0.857243717712334
0.855312718127349
0.860579287458862
0.859558519435681
0.861050620118364
0.855927443742143
0.86687450074025
0.858045986725521
0.8592031089532
0.858064620832885
0.860109267749736
0.864760151052116
