0.978487672411107
0.978482873523516
0.978483542670249
0.978486497370969
0.978478446521844
0.978489022391313
0.978492147690461
0.978474274206067
0.978484721721398
0.978481002786341
0.978484834687468
0.978479753874314
0.978487254948797
0.978482578953662
0.978482212361929
0.978486658258502
0.978480532545627
0.97848510705089
0.978482996775713
0.978486995223972
0.978485232869822
0.978485510057819
0.978485393422268
0.978482837344801
0.978483706552084
0.978482470785762
0.978491080445535
0.97848021588477
0.978482240782111
0.978484193359734
0.978478878773983
0.978482478515058
0.978485384114069
0.97848293623552
0.97848152584782
