0.989446017566827
0.989445917135322
0.98944378025035
0.989452419996505
0.989445872101519
0.989446048885607
0.9894434256539
0.989444347824937
0.989443476476935
0.989444547518534
0.989444049768818
0.989444718644849
0.989447565024431
0.989444400565334
0.989444561773968
0.989444747075114
0.989444002588679
0.989443857961488
0.989446730360082
0.989443926817044
0.989445628633861
0.989443660616136
0.989444140127441
0.989467316228124
0.989446673455363
0.989444481701347
0.989444839593664
0.989444527085854
0.989444085085861
0.989445681310284
0.989444154396726
0.98945005932109
0.989447273290912
0.989444196378664
0.989444897681197
