0.978496284743377
0.978491346624001
0.978482825721971
0.978485645708363
0.978475087144614
0.978488012697646
0.978491432040506
0.978479689282765
0.978494448490614
0.978480919053312
0.978480434736995
0.978474326161245
0.978488712490308
0.978482728886275
0.978483116203847
0.978488964289034
0.978480527115183
0.97848602972089
0.97848518832456
0.978487393360552
0.978484067769074
0.978483757903135
0.978483330750291
0.978488304602857
0.978484368493691
0.978485494790986
0.97849214986187
0.978490883823716
0.978476927111608
0.978482505023023
0.978477531426737
0.978479987858009
0.978485303363798
0.978482568587431
0.978483729696077
