0.499385292583683
0.213224231272479
0.535289765213686
0.253683894397911
0.173219216516213
0.153745018248334
0.385140379397631
0.545458206578788
0.553563449047268
0.275885402799089
0.204753885210391
0.191232199983118
0.16465691178329
0.168679093136658
0.17149416688305
0.262316582258028
0.187715297258726
0.27909907729028
0.552147861056998
0.469601659228113
0.151131704130908
0.482252559786771
0.162462693209623
0.176061669764687
0.150175880878604
0.144642506913873
0.184147880601611
0.555619012371685
0.176165030900026
0.179597086641112
0.302496256293409
0.516292214195546
0.479201049960732
0.330364524996838
0.29009874557434
