0.978486774057805
0.978481195918688
0.97848138355407
0.978483964847495
0.978484398346461
0.978486036562419
0.978487544829476
0.978479049114093
0.978484054515214
0.97848365383547
0.978481374471407
0.978480777140592
0.978481930553138
0.978482605901651
0.978483548673974
0.978485361635474
0.97848449050193
0.978484404855269
0.978482958008587
0.978485656608745
0.978484885386498
0.978481839299954
0.978483471838814
0.978479144009499
0.978483747146494
0.978482154950644
0.978484228568049
0.97848197073576
0.978482743701872
0.978485575369406
0.97848171859348
0.978482107370512
0.978483953531196
0.978487520493788
0.97848113409833
