0.680801925438318
0.73399718521704
0.868618993323802
0.864949681121262
0.729295699765871
0.851687858934444
0.734594329337179
0.867887953646066
0.710097311130788
0.892827321044876
0.675349201142524
0.695294663494572
0.733665540705394
0.85052080486838
0.861037802091666
0.729273687880267
0.731356820616619
0.725501817788046
0.728960792412554
0.729562526560352
0.731991125819318
0.708328374048167
0.735481123506439
0.735889404622913
0.722651043828884
0.858911163997572
0.732419917192722
0.621976870332127
0.859578067894838
0.719766222718441
0.8605686282431
0.733570675907937
0.719608892446237
0.865117657276269
0.857278807024173
