0.510919391612727
0.274540827483238
0.62013216579536
0.383513780166827
0.648576947481127
0.496685842627141
0.533954666497136
0.637660470582023
0.533845838734367
0.393911473212369
0.522552508877762
0.548736495656337
0.34202650637482
0.63675794146123
0.51633462103321
0.641830484320304
0.627144651323314
0.706185344837952
0.503509248857332
0.657142225506298
0.639971085854546
0.50337760462071
0.570494807575225
0.389230733734018
0.388255834811871
0.224438521583138
0.212992317053783
0.522914414696392
0.480380104711707
0.323973056836277
0.68417549656327
0.706523013129267
0.68184565729578
0.611318080293544
0.273566906721037
