0.978387744678431
0.97231942355184
0.968869596914189
0.956877914901232
0.975423626558892
0.968051959078213
0.976750283930328
0.98001254636003
0.973117905585567
0.966508428976681
0.964062273863363
0.974972164387999
0.97351802195742
0.975590782078075
0.959912302075267
0.972287793349038
0.936683948244812
0.927010370925454
0.973099809953318
0.980409172532764
0.974203849615395
0.955237085770681
0.975572100329889
0.949720144954888
0.974735417024185
0.972917134106555
0.971144612772195
0.976803409934671
0.976243544049504
0.976969373249555
0.971924690104192
0.965308043913788
0.975940879157942
0.979739839249955
0.975621517534065
