0.968049559740707
0.967790098192644
0.967362674207508
0.964038498745351
0.967946556303778
0.96733157462319
0.968486228247527
0.967323196492814
0.968577498088649
0.967804840727713
0.967954508554876
0.968274731653413
0.96735704975365
0.963590369862188
0.969199166563171
0.967914408680697
0.9679901301536
0.967801401902205
0.968241758056093
0.967990998104718
0.968391293747465
0.967767230943832
0.968330572276891
0.967908713181944
0.968270064092828
0.968326154342287
0.96913143959181
0.967933699179744
0.967268285197692
0.967316231369251
0.96780059682786
0.968198942950527
0.96939925382143
0.967776364374684
0.967939882907977
