0.976753581786974
0.975197554020876
0.976281056511064
0.83105777692424
0.977642257272348
0.977726881391755
0.967191537254221
0.975933844197609
0.976643352383026
0.976053243158673
0.830699576637721
0.97626106500697
0.978277723091163
0.977050315808807
0.973278275890736
0.830164684916716
0.977872219407356
0.974643979181178
0.974854253973153
0.975122023110301
0.977812838544285
0.976033915082395
0.974851800117155
0.830294395383993
0.97534835638689
0.975648547763994
0.974862714548767
0.976304622583651
0.975658193919242
0.976970878576867
0.969313174047162
0.976600020712818
0.831581566228428
0.976323174341086
0.977616477683921
