0.840494777239891
0.728149996789689
0.843941102684128
0.841075256045603
0.841174015551872
0.829840859292374
0.838756883798013
0.837185156782081
0.724618926296517
0.841880895777552
0.796389500156034
0.725190197289921
0.832990425957941
0.839505075229071
0.836755741110869
0.84072295653778
0.836655476214162
0.842619151018392
0.727181051733226
0.725696803273413
0.724659005248334
0.837844752169428
0.836526970974705
0.83875324270071
0.837117097315176
0.839091265324152
0.725460809050196
0.828566725686945
0.726614111528925
0.836640691375528
0.83631196354617
0.840212005977522
0.832674081628591
0.84015221763478
0.807677151728239
