0.899956720527618
0.899438470599719
0.899552403090772
0.899393347042893
0.898968520902755
0.899548827058092
0.899168213901073
0.899271720804125
0.899543805728009
0.899593458859942
0.899737028958631
0.899807208247721
0.899582553006027
0.900139073210064
0.899631004823245
0.899798585668449
0.900765190294154
0.89931118070861
0.899232449549546
0.89916425694746
0.899097902189723
0.899348867713935
0.900923749377115
0.899125942246309
0.899419903907224
0.899663864017222
0.899255953420109
0.899304731426495
0.899128384759643
0.899286023888658
0.899613910194608
0.899108066572871
0.899108550223565
0.899493514768297
0.89958751389106
