0.875571852246315
0.875597317910094
0.875617094691631
0.87559534034928
0.875596189161769
0.875605943919052
0.87553144162988
0.875588715672963
0.875418097584997
0.87562377705111
0.876068308952672
0.875625295889176
0.875596351704265
0.875591853300479
0.875616789411881
0.875575831206021
0.875588059943401
0.875568962758361
0.875571795740674
0.87557520820939
0.875552809848779
0.87816178427343
0.875580553993149
0.875625887259137
0.875612296469325
0.87563360233768
0.875596700162982
0.875583970148719
0.875631126827896
0.875575215954403
0.875610782602224
0.875616561392627
0.875610325256636
0.879885222157872
0.875598256987621
