0.959855895942668
0.962989573168287
0.948607321641192
0.924017904249974
0.955064976748487
0.794770460890491
0.794740715231391
0.794798364291247
0.961766842710007
0.960593162436062
0.94192687202625
0.95320391039833
0.794544410565591
0.95129620737331
0.932165206945112
0.959860639679583
0.956107750478875
0.960801572285827
0.794703227202629
0.924369933127415
0.91446971869951
0.960278777982957
0.945295983667725
0.94850861416522
0.794848741571422
0.933665179441525
0.794716063656572
0.96399018515648
0.95988528811105
0.794704915950239
0.960288312772825
0.955291290093821
0.961849279692409
0.958812560118561
0.794786149771001
