0.991715583296687
0.991718097524041
0.99172749832226
0.991725577880051
0.991717875845269
0.99170910537793
0.991689035984258
0.991714262380397
0.991694829122222
0.991718479176397
0.991732386762814
0.991702532188812
0.991709592730268
0.991713077440375
0.991714347935736
0.991675974379902
0.99171973487097
0.991731670394371
0.991703922953526
0.991710224141316
0.991722363590802
0.991720347438148
0.991706691387667
0.991728070107146
0.991724548230041
0.991708088917241
0.991709883687945
0.99172343062276
0.991702120877991
0.991712863930917
0.991732457322532
0.991697956825464
0.991714763313453
0.991689706781182
0.991707674691668
