0.951987716580224
0.907059543437473
0.88791274015188
0.918913539794675
0.939189562893561
0.935906400425884
0.892756148755421
0.920945885023324
0.875124442142513
0.884799737473067
0.938594165411126
0.944829315707233
0.92906939414306
0.90979020734075
0.894554666901513
0.932250175222596
0.90047683636785
0.888128086188763
0.931075279881383
0.895268061455827
0.950816888708048
0.902310778088666
0.948636290107248
0.925723418905146
0.943334369918141
0.937209252284549
0.892451677322209
0.890301879294528
0.93546354300797
0.938148393163083
0.935531866520338
0.89120958303349
0.930180998684222
0.925775794934872
0.9307073694577
