0.898891934792181
0.89887882193018
0.898995771456467
0.899197204043576
0.899239652839573
0.898909391614593
0.899255461945572
0.898752114607862
0.899099222158406
0.899221230356942
0.899098181976825
0.898988448879654
0.899141720769201
0.898877167046004
0.899767102125223
0.898866248368088
0.898778294072165
0.898753865090388
0.898866105969208
0.899028024356859
0.898803543452151
0.898819484657622
0.898883940126765
0.898993855903128
0.898802337701797
0.898931670095625
0.899020249341657
0.899018331064786
0.899185601706568
0.898803272311092
0.899015764346406
0.899564276806783
0.898802654358645
0.899120751781229
0.898742635617222
