0.773306581663513
0.779757414358238
0.780186881294787
0.77836033629963
0.779254085349782
0.774239134309822
0.778414819526592
0.776692521205137
0.776478780280301
0.779575407785101
0.779835746223753
0.777598415024534
0.775775705765974
0.779628085303933
0.77651267424681
0.780326636968337
0.776049049729856
0.776702219349809
0.780974339451017
0.775053628067236
0.775152301699682
0.777392947409915
0.778183119441448
0.779084864953645
0.776302875899658
0.773854055505505
0.776255362427738
0.776398732610718
0.779801187564551
0.779170068388584
0.784197956456344
0.776901966839916
0.779831231451218
0.77732947223442
0.7808710668381
