0.880743813019609
0.920423728171523
0.876591760330695
0.926739419043138
0.92838081691393
0.89920041217518
0.916811160582474
0.930829018225256
0.898787242583592
0.917833021517586
0.915913425682682
0.918689981816809
0.853800330615694
0.906036383676043
0.900424334290188
0.917008122336512
0.909596317301476
0.918669531289699
0.913972111767432
0.917205893636633
0.941470624972298
0.863104872750176
0.918813475815305
0.945057952365997
0.915923790764577
0.935042667922467
0.945389846417931
0.929439401384461
0.92990988903505
0.95112664730392
0.893100874936854
0.918424986468515
0.863296022495065
0.934912800969975
0.915615067725937
