0
0.26753499269489
0.0532368828175182
0.0495735040467153
0
0.00146406978102193
0.155047683766423
0.460563199891971
0.0293290005839416
0.29754575260438
0.366439501728467
0
0.146411748056934
0.111581468029197
0.108012113446715
0.399669045708029
0.057383532620438
0.216362636291971
0.522107612067153
0.313070323769343
0
0.108141685763504
0.211955849791241
0
0.230922316309489
0
0.399465717922628
0.17683086
0
0
0.533026037286131
0.00178677941605844
0.0564262217489053
0.320270406474453
0.487521352538686
