0.974662443617703
0.963872965870278
0.9660804737146
0.949832703343424
0.969442057403061
0.960255063965481
0.972781420934188
0.97330483387866
0.970461386372044
0.955512423153775
0.958757424139955
0.968917691354101
0.967292192377816
0.973373767916045
0.872959043632516
0.961662127219651
0.924384929313601
0.922068386140372
0.971321483995748
0.975579247919012
0.93368786137286
0.955170790371081
0.970068068951015
0.938157875078268
0.932326601984323
0.951393076338411
0.96671787631485
0.964788791109694
0.968944061506939
0.971837081255268
0.96761018357269
0.951855550494841
0.966491622283365
0.97910457759447
0.971105001110345
