0.987909295277177
0.98785706730893
0.987440051814334
0.987827936503685
0.986661557145286
0.98702630980978
0.987745269360095
0.987748672409733
0.987891452248432
0.987435351219867
0.987437750736374
0.987620555216526
0.987664479454638
0.987513220430012
0.987938828646992
0.987466794459978
0.987491229247627
0.987127630970713
0.987242867496165
0.987852704728134
0.987842055066331
0.98656981234631
0.987894194931907
0.987861917433718
0.987874600201571
0.987564120201591
0.987896756693766
0.986506628096157
0.987624662824079
0.987177591127619
0.987434228539577
0.987918539688324
0.987427950517622
0.986857869877127
0.986857683697415
