0.950250729563133
0.950212814683356
0.950198969655381
0.950111278133436
0.950123919629773
0.950212415215837
0.95011198357318
0.950190024321835
0.950185937585422
0.950360182307067
0.950374440894851
0.950176450411277
0.950435739001024
0.950314075033584
0.950141540867396
0.950266401385266
0.950419844834361
0.950174557375617
0.950292387732971
0.950159767428502
0.950187401934473
0.950188918862578
0.950241070066268
0.950449424848417
0.950415564513659
0.950279364588689
0.950255844162797
0.950108632207527
0.950362594197767
0.950310224583444
0.950191571031251
0.950112080552696
0.95010027972148
0.950331514522558
0.950344898106372
