0.914070248481386
0.91463709928023
0.914351000325178
0.914313555009166
0.914231469731194
0.915389726637641
0.914840939577669
0.914198006122129
0.914184383755946
0.914647562605429
0.913712913084848
0.914001343755275
0.914431082564592
0.913992352626042
0.914688760762403
0.914344328902356
0.915474942495119
0.915005912097941
0.913833967430854
0.914599826350175
0.914455511038724
0.914543039791211
0.914477828009549
0.914904830951412
0.914746545164091
0.914392267884344
0.914824417998819
0.914858977188335
0.91490711463428
0.915749949895621
0.914709866923347
0.9141170320298
0.914247586852757
0.914199196774904
0.915892196442226
