0.967617943914147
0.968535536498526
0.968173852127787
0.964683014018556
0.964097243802442
0.967829439547228
0.969401412590756
0.96755433658526
0.967996256182192
0.962127797618873
0.967734632426661
0.970333900646751
0.967743510171213
0.963381923662219
0.967925766039692
0.968102029247673
0.964751052200887
0.963710310562351
0.968635373320638
0.968073542308754
0.964594512624196
0.968179990560763
0.968519594143818
0.968542965521508
0.966280773145609
0.969692015211029
0.965934057232157
0.964442436524856
0.966820601274998
0.967850643987661
0.968685076918276
0.961493386799556
0.968825686141937
0.956572936448302
0.968163726839142
