0.980673418998482
0.978095154281294
0.970077771969923
0.970325690289827
0.976856540930798
0.969475139958568
0.978003829614316
0.982868128745699
0.979218851619663
0.971726449913532
0.976188301664677
0.97681372024212
0.979101238629
0.982468576603255
0.973344103680965
0.975135106120244
0.951175059181806
0.97663840338548
0.975236019304894
0.982158483132141
0.979067821638432
0.972751338576862
0.979732472622926
0.970542544552626
0.980694034906487
0.977087180940356
0.981670712378822
0.979122581311981
0.981884224389073
0.978862710110877
0.974635104750414
0.975431221297358
0.979878572436549
0.984237049892625
0.97746031212036
