0.302972707073167
0.341164792219302
0.326839940935687
0.338692586722912
0.30303780099027
0.351607605462996
0.32417879166667
0.312377406909252
0.33433193279192
0.317126938552097
0.305008373124238
0.325222796263924
0.319977883927698
0.344809687078817
0.335740926005443
0.333870184479956
0.323224325786712
0.326378916903399
0.332606751965269
0.327727998236558
0.311899258030138
0.321276319440593
0.314107798457367
0.328534750865543
0.32430152601474
0.299037501274915
0.311878093801287
0.320552599058046
0.32196637277151
0.295719711773304
0.336448345563727
0.317848986589286
0.311934543579112
0.323519656692015
0.33367046748525
