0.90034438233497
0.899958710420761
0.900072396272234
0.899687120476601
0.899995389669653
0.899728692239458
0.899779227591776
0.899728551111592
0.900414392281027
0.900106449774838
0.899957402052443
0.900778675312304
0.899902283789605
0.899984094306651
0.900166902452246
0.900155449191558
0.900808666769259
0.900293889763856
0.899551813505867
0.899242984905296
0.899190469326037
0.900413189394073
0.901057401694877
0.899710972933208
0.899175796122389
0.899906515462794
0.900295133719829
0.899626316375574
0.900462805370361
0.89980134884654
0.899766442620256
0.899107321735573
0.899843983582289
0.899751593018526
0.899878792609178
