0.581833281707945
0.619017965833166
0.598112406708297
0.613216713868909
0.604015434064742
0.598135848211297
0.638672908061397
0.595971978647659
0.663571412164891
0.611864459031991
0.601172877735463
0.627036233522254
0.636905526496985
0.619489710156477
0.593745351002807
0.600290863517985
0.614400886678264
0.589344436545928
0.585916355808025
0.568718457632322
0.586934217027735
0.582238724097973
0.610113242001898
0.652942999505413
0.611485039119299
0.616087396933992
0.606118161296161
0.608932930665678
0.639173556010286
0.613032156215818
0.610705585368413
0.595978427314743
0.633534017296197
0.602676576298745
0.64489075358507
