0.989443524749792
0.989443544656098
0.989443444230577
0.989443667594235
0.989443432616382
0.989444467247419
0.989443565719874
0.989444075182903
0.989443445298681
0.989444111005002
0.989443625389447
0.989443306254054
0.989444112993263
0.989443160971906
0.989444012781193
0.989444062418635
0.989443921054594
0.989443641316005
0.989444236350623
0.98944417063604
0.989443281842497
0.98944354643317
0.989443271953341
0.989443078156926
0.989443880843084
0.989444777462337
0.98944336067695
0.989443328783322
0.989444466358942
0.989444275175996
0.989443980238684
0.989444361952399
0.989443505276936
0.989443525409012
0.989443171676896
