0.864710368589867
0.864590753244807
0.864864328446217
0.864904430928558
0.864781868185285
0.864830149866863
0.86466891316888
0.864571053573302
0.86478738202095
0.86587962077838
0.864710069545935
0.861704458173362
0.86616013056709
0.864894870189879
0.864614315719275
0.864743161024667
0.864884506142631
0.864579042901698
0.865321039371474
0.865555960862468
0.865599161047908
0.867008514472515
0.864751475123449
0.865607985204201
0.864752740978619
0.864731806544207
0.864486995237994
0.864972223123864
0.86553746361132
0.864932708443352
0.864625659177618
0.865052411091166
0.865846366838983
0.864752940183984
0.864761869904373
