0.968020060410638
0.968385561527607
0.96736612075113
0.964167752779477
0.968808445051943
0.967342873013732
0.968461995811686
0.967351884658188
0.968571449998963
0.967815945794812
0.967376061915705
0.96829230868996
0.967373718851938
0.963352123359536
0.969139807968203
0.967932516385095
0.96567090305465
0.967787340325567
0.968249371007299
0.967990302436321
0.969098418947231
0.967771965985897
0.968396786066935
0.967908942330651
0.96827135732463
0.968667231373705
0.969124163285022
0.968583478370966
0.967264899831949
0.967423290823496
0.967812914666626
0.961950505871245
0.969390039052948
0.960320457957886
0.967955419036349
