0.989443347933599
0.989444758387764
0.989443513420183
0.989444850200078
0.989443312255535
0.989443418764178
0.989444133047328
0.989445497926218
0.989443448312883
0.989443475984622
0.989443727198797
0.989443066596341
0.989446260848191
0.989444129804435
0.989443185940763
0.989443555504936
0.989443731809219
0.989444146458662
0.989443918490542
0.989443375480664
0.989444590465218
0.989443013354774
0.989443435665892
0.989443243339939
0.989443598822321
0.989447022570274
0.989443341601789
0.989443659050019
0.989443334247289
0.989446614920317
0.989444010485451
0.989452165820725
0.989443923835724
0.989443442674424
0.98944327791379
