0.992691944974265
0.992509462963772
0.992446033535768
0.992432025262853
0.992424119291342
0.992650885428757
0.992648399533544
0.992615266346922
0.992468472190822
0.992463138699044
0.992548653007269
0.992512199470767
0.992577640149687
0.992373091787384
0.99248602812173
0.99267484952481
0.992454273197421
0.992456829370983
0.992435906154473
0.992677386426111
0.992453910484066
0.992516231760313
0.99249893977028
0.992612706686477
0.992472838146847
0.992640780343743
0.992527801897891
0.992562614797674
0.992450722993497
0.992461580676802
0.992404959279519
0.992447397710126
0.992461330574934
0.99265380470365
0.992427716124284
