0.89876906080263
0.898819972457576
0.898741402272883
0.898775133405638
0.898778439000466
0.898976766021625
0.898645832875977
0.899061349875604
0.898780392025016
0.898976208890044
0.898990562741722
0.898764236732037
0.898762361511424
0.898941120390295
0.898951693565847
0.89900464884204
0.898914984417189
0.898883104855758
0.898771570541591
0.898947482741893
0.898723544326881
0.898706092722205
0.898735082865879
0.898828375469843
0.898733985740574
0.898794522567415
0.898685521375802
0.898820598011926
0.898919149360564
0.898783841541379
0.898871425654183
0.89883152473008
0.89875397804513
0.899094650111295
0.898855577825679
