0.989451026296133
0.989449942888785
0.989472508551247
0.989446096676751
0.989448536255399
0.989445038381519
0.989451334434201
0.989457772745973
0.989451241878317
0.989456220109647
0.989466784632366
0.989450202359363
0.989446936308042
0.989470313161896
0.989463352362079
0.989455580288571
0.989457706330407
0.989474094892332
0.989459325511966
0.989465691642377
0.989466918686684
0.989470888265734
0.989455800283649
0.989474087478592
0.989466416325887
0.989463133884737
0.989448795021485
0.989452182893092
0.989451561292997
0.989445695818082
0.989448107593934
0.989443286423287
0.989446424904733
0.989454819197491
0.989444706567407
