0.98944395308538
0.989443350983486
0.989443294714692
0.989443407327018
0.989443945369247
0.989443371532737
0.989443676110279
0.989443512006393
0.989443395174249
0.98944353964028
0.989443314188184
0.989443353638552
0.989444114001868
0.989443134362688
0.989443438470129
0.989443679902605
0.989443552397906
0.989444273384321
0.989443257508198
0.989443908889788
0.989443420065753
0.989443813603063
0.989443366460364
0.989443983236869
0.989443587648667
0.989443610941855
0.989443759354753
0.989443845980102
0.989444277832522
0.989443288608275
0.98944351433113
0.989444541526545
0.989443609000868
0.989443868639508
0.989443539991454
