0.989595140322671
0.990161591750161
0.985030494495491
0.985412283209797
0.989482831013771
0.988031265865719
0.980408441164038
0.981339244763777
0.982323009160343
0.981994824241335
0.990911469556263
0.984461520802377
0.990186444776432
0.981441366339224
0.988657368809652
0.986430341545095
0.979634457591797
0.981830580210754
0.989590393293905
0.98634386303894
0.979479084272228
0.987694427182574
0.98702387234856
0.986260862911572
0.984193102483459
0.983649494875225
0.984825214327965
0.985528118378115
0.986163642086846
0.989188425580902
0.981131706070067
0.989390760194337
0.985032201843195
0.983614750956058
0.982580691640465
