0.91395877966106
0.914347654827781
0.913949071013688
0.914049507772315
0.913921442122836
0.914107803090857
0.914427205073302
0.914170096866718
0.914001532570407
0.914303369091241
0.913923437619938
0.914061184418583
0.914146014221959
0.914025322150935
0.913938773597469
0.913870634391698
0.914363090467221
0.914031972340185
0.913954083191098
0.914157850240168
0.914257986091864
0.914136477798925
0.914678908021952
0.914386723707478
0.914042030416761
0.914082543825905
0.913969968496445
0.914479092457419
0.914456550336011
0.915110240924421
0.914404068543473
0.914177394546946
0.913995580863741
0.914246009717796
0.91497800272144
