0.775220869532882
0.778971964808449
0.780620363865758
0.778543323491191
0.779271639431482
0.774386060699054
0.779850662675708
0.776885077158761
0.777766473642699
0.779599725627361
0.780516727588479
0.777803030963457
0.775274947744437
0.779735708491748
0.776636549167584
0.780387639688155
0.776178131771488
0.776936477334854
0.781167130386297
0.77524785332043
0.775472123472351
0.777645159980855
0.777568504943002
0.779498584001366
0.776484153918401
0.773865693116743
0.776161855096024
0.776571202192446
0.779489146242509
0.779545108876053
0.784193833858962
0.776640358255548
0.780037648972414
0.777540315690136
0.781057142188092
