0.991721962749896
0.991718888956035
0.991727459985416
0.991725810031056
0.991718919319872
0.9917096981439
0.991711316233743
0.99171601833231
0.991696887450406
0.991719248668872
0.991732472426152
0.991703581418662
0.991722201809343
0.991714315918558
0.991716547227856
0.991697629488753
0.991721599534619
0.991732059233949
0.991704954510099
0.991733610236347
0.991720173247824
0.991721540195786
0.991708491601595
0.991727676011279
0.99171754024563
0.991708442234772
0.991710024903092
0.991717266570182
0.991702130454031
0.991714307196841
0.991734302831884
0.99169859073709
0.991715573387633
0.991697853028853
0.991708115388177
