0.992678253937494
0.992578696224684
0.992459522142994
0.992468734240743
0.992454342644868
0.992662057166575
0.99267669734984
0.992603559316003
0.992467681423871
0.992479003996381
0.992534793642503
0.992468487290675
0.992597066271483
0.992414649341769
0.992491971064419
0.992692232538707
0.992471671137756
0.992471990924281
0.99246536636495
0.992681270371419
0.992678609949923
0.992525057101513
0.992518623695115
0.992627014593493
0.992480765008435
0.992647539281534
0.992521010190488
0.992588525818825
0.992455435905281
0.992470118671537
0.992453390898716
0.99245975639523
0.992485024762553
0.992682116332713
0.992450295115746
