0.90061268417394
0.897852082925103
0.902816257612379
0.904079191331229
0.902113405437396
0.905276111584612
0.892426402667602
0.897526475849997
0.897375028841984
0.902721746480594
0.897451447124771
0.900567992327461
0.898453240784891
0.90067371228627
0.895282416510553
0.902952199732885
0.899555396540904
0.898113920629519
0.897942374581654
0.901704635295379
0.899746112822709
0.901179528729084
0.899264222940919
0.90130389188184
0.900701723329261
0.901773689599742
0.904597173835428
0.901122679910017
0.901153478237864
0.903714962938148
0.899487508671338
0.895357786295552
0.903428625178283
0.89676858045067
0.899198592121863
