0.974670322943858
0.979377152201649
0.979372941178074
0.967743981468145
0.979856826259275
0.981381521789192
0.982790295689497
0.976761489278959
0.978994267837523
0.978217944649314
0.98342739260921
0.977683742370282
0.978763052812551
0.977568178117808
0.979484409890146
0.983241244113596
0.98010888183715
0.977892229661508
0.98049291022831
0.979778584746185
0.976299249938001
0.983020905076752
0.971127665868332
0.971707142550409
0.983333121442038
0.979007225732685
0.981046453361136
0.979890211912641
0.979941641206484
0.978991419738485
0.975958749815115
0.9803952838454
0.9772221859909
0.978459916908685
0.97778639927082
