0.991517069995526
0.259099783356695
0.259099783356695
0.991536456788916
0.991480220541683
0.259099783356695
0.991548399416344
0.991469630341163
0.259099783356695
0.991522299720671
0.991559044360644
0.259099783356695
0.259099783356695
0.259099783356695
0.259099783356695
0.991538653541226
0.259099783356695
0.991501712596658
0.99144751332432
0.991562170821862
0.991513984713743
0.991482186959703
0.991551595267547
0.259099783356695
0.259099783356695
0.991543845142899
0.259099783356695
0.991594031927919
0.259099783356695
0.991457535776444
0.991448934920035
0.259099783356695
0.991490076066181
0.259099783356695
0.991441817716331
