0.906727571571196
0.908019431109244
0.908170354016996
0.907095770799908
0.905140919494531
0.905297574842229
0.905378668404317
0.90705564103996
0.905260387418364
0.904069504958212
0.905854215349531
0.906528566586777
0.907383683009778
0.903667103118651
0.90639126969099
0.90608607193133
0.905383377284538
0.905290601011765
0.907019010382447
0.904538259039811
0.906299070880159
0.907100638436447
0.906730826611671
0.904240740137299
0.906392219108062
0.906468873525525
0.906698959151336
0.904527998348232
0.908609266725273
0.907825202311789
0.905328180840718
0.904639423675951
0.905267676055798
0.905579399928792
0.905333363243077
