0.68668907188831
0.671818218471791
0.664890120333427
0.644921699518911
0.650750255760335
0.698393480667564
0.675030683629721
0.644540706231494
0.641720838180356
0.666011825652786
0.651665552353691
0.669970906435875
0.650816350701507
0.645674457179482
0.665560876130625
0.682090279902685
0.656793371066672
0.669766498511747
0.647594710306758
0.665992004484969
0.684205031983759
0.644321243704193
0.654710059514494
0.636297372838214
0.644149273369643
0.686235425126765
0.699981991895419
0.664535086193117
0.670465612669045
0.663019263598445
0.636126862163627
0.672061998323061
0.657228516251456
0.654039989909986
0.658277039436911
