0.970595373606901
0.956686747721485
0.96000707408926
0.963185825483107
0.96884489485776
0.97264878321955
0.976712216704864
0.971325340449363
0.958913035359302
0.973443223716862
0.972750477308254
0.966772354436868
0.974092652455405
0.961339660366694
0.97279920814124
0.972305876820609
0.966133328384133
0.970521502851559
0.959326042783286
0.957823199169805
0.973024870651364
0.964770963142277
0.967196353672705
0.968063681945607
0.972164511833779
0.965371146857804
0.964634894496117
0.966460217074733
0.976033209660706
0.974249161029021
0.971695133260227
0.973181285329288
0.971100985454011
0.973141540944509
0.973111187304974
