0.99016642925503
0.990310600229318
0.990359250793538
0.990460331586199
0.990266932996599
0.990426577709566
0.990320647262311
0.990831039097681
0.990478242875289
0.990653761612707
0.990405871964352
0.990885162035676
0.990887921200953
0.990875417286001
0.990962235365887
0.991045498618817
0.990481232734456
0.990092713806931
0.990621223694764
0.990338350242392
0.99028520235838
0.989661092878928
0.990640706570648
0.990222878661308
0.990448658636388
0.990353054685678
0.989960981284669
0.990305103721397
0.990198042521629
0.990462715375313
0.991362820247525
0.99028462693036
0.990673689836978
0.990990348947099
0.990370649577581
