0.803864787510586
0.808256697235483
0.796626762324386
0.804862133286032
0.807242175429214
0.803934958918897
0.798795465183543
0.806957779551854
0.810101863882703
0.791675603065797
0.798958726992399
0.806987007140938
0.801111933870834
0.79802199736092
0.808290431726909
0.804259744860361
0.805247861569255
0.80440008417619
0.798605930291595
0.800457231747428
0.812432821238479
0.794362532419661
0.80525149886795
0.797576040703055
0.801243959198716
0.802409725026882
0.800946431938252
0.804683082186666
0.807893247982753
0.80308172020294
0.79244443061152
0.804239491831177
0.808525315590763
0.803158639523558
0.796709997973626
