0.897097200204012
0.914208153271163
0.905783180179664
0.905943466703961
0.905930139970684
0.9068346867263
0.914804152748062
0.915511747874973
0.907876664349533
0.906534557468775
0.915216726243202
0.916195327406701
0.915340299009038
0.914667291680485
0.915054335892514
0.908038869423708
0.916374520315904
0.917292428792444
0.915405092124055
0.915521183852756
0.916031890640801
0.91542234342803
0.915283411703114
0.907922721513926
0.906668433919768
0.914166059559126
0.91436365018908
0.906518574665686
0.915322664360634
0.915804100801061
0.906524160761427
0.915190203778342
0.906563398652263
0.906028302465973
0.914785443239728
