0.914647598861678
0.914058887299544
0.914229311302474
0.914340913177535
0.917012439161295
0.91526330497783
0.914462628527058
0.914637033938773
0.915612399619353
0.915079184804558
0.915554221153322
0.916099339053194
0.91478397280455
0.915501238466646
0.91509464124658
0.915800114677238
0.915468146667351
0.915050457517054
0.914587606966205
0.915508467435436
0.915043310493273
0.914520859444923
0.914619485254346
0.915678566053338
0.915308780319058
0.915839251774551
0.915189517454361
0.916870909574159
0.914361169599986
0.915583916041698
0.915289307727766
0.914841293330113
0.915447360011499
0.91426391916517
0.91463600095295
