0.279824376219413
0.575876666181746
0.199497142888046
0.33855794286426
0.249535343894614
0.153329569965184
0.184225684163824
0.180944109451758
0.171845511060803
0.28100867763282
0.397954475882837
0.564372292241485
0.187097160766908
0.148672099381733
0.291728875630136
0.207140138810786
0.150646733309142
0.239160796264803
0.192541702008785
0.341983332896424
0.183040514428455
0.16764379747002
0.150912248138803
0.187715631754265
0.576726582553759
0.151131704140826
0.21983095297619
0.288028782881871
0.307351210894356
0.288501562498819
0.140940601757982
0.57591901769018
0.4228808920337
0.140806184911275
0.196491737826357
