0.771632566476311
0.770871316035575
0.772284292729026
0.872929252507666
0.771477137579874
0.769971498696842
0.881164814471231
0.772170564254189
0.768536394607409
0.772963928384098
0.770044023862523
0.772559588050894
0.771673964535102
0.777582946668276
0.772736786496597
0.772477138481385
0.862578698495134
0.867321156586407
0.871155465721409
0.876057651144309
0.772178772575274
0.773633445931163
0.771277163462702
0.875653028044815
0.774331408908301
0.772735613521052
0.877790115884371
0.771348416612678
0.869540192202249
0.771497202957017
0.771292483322481
0.772930449683067
0.771456728262828
0.871852812161662
0.874222258461775
