0.151113637087418
0.577493066605629
0.151113637087418
0.916074551300175
0.916795515574186
0.577472294175315
0.915619399459198
0.577467015828862
0.577498176529477
0.577466706590603
0.5774910618986
0.9160930540281
0.915377984070171
0.151113637087418
0.57749284758537
0.917181647992897
0.151113637087418
0.577493154397432
0.916254062608975
0.577493096382708
0.577472098019649
0.577471818916882
0.915787964601524
0.577497477021017
0.577466499221204
0.917482487744453
0.577498200672766
0.915556481432013
0.151113637087418
0.916077955403307
0.915776194247173
0.577466698181816
0.915407868099612
0.914803642041708
0.577493526011693
