0.904735840091387
0.905537362942277
0.904935629806613
0.905859833730873
0.905347492949112
0.907119909215937
0.90830878909849
0.905107600499536
0.904002519615472
0.904127386207129
0.906703164177303
0.904255451649562
0.905197724563825
0.906029737537232
0.906808142693853
0.905417403545861
0.907749277577622
0.904681736657436
0.904644843078312
0.905134507385915
0.904279680105102
0.907624654250969
0.904075992442797
0.905164521908011
0.908164879005242
0.904129758732648
0.906805081889834
0.90712561842409
0.904784898304636
0.905822339881729
0.907536144944884
0.904780667105535
0.90572600321555
0.906729951693787
0.905461693058967
