0.685741247266271
0.905874123748661
0.764561534225685
0.742239331311072
0.654432916226834
0.555941685536257
0.653829474833531
0.662854288315533
0.511439476091898
0.57274092468359
0.574923854769029
0.644425435571374
0.735845249099638
0.589714502191665
0.650797055697109
0.659363284680269
0.73100272137317
0.738098056050618
0.66719869859757
0.7656413140519
0.733424902172872
0.65527121499372
0.746428566951914
0.645407627313219
0.730384715623016
0.82754175664329
0.573903429393991
0.64408300672318
0.74609777851245
0.644623722468561
0.740725434666563
0.50118465786933
0.735779773505587
0.75053185395138
0.828712316714135
