0.817319476402293
0.823581055553243
0.819195029666273
0.821112054334109
0.818012918651517
0.820477424985874
0.820543363624776
0.821573353940143
0.8147176927261
0.816300381882571
0.817459474845209
0.821531746377911
0.818919524466075
0.82190431769421
0.822048366759867
0.813453724952277
0.819267893697285
0.823410923929445
0.820748907653308
0.820098395200973
0.821807264005184
0.816341290291517
0.823641908888711
0.821011441555365
0.818008837791184
0.817306528963317
0.825351676268536
0.817856136374997
0.821811638289953
0.819605729197884
0.813320212792337
0.822121317331853
0.821104188871052
0.820460390737227
0.820138976588988
