0.80354596954103
0.807664844905218
0.79620925845598
0.804494461354588
0.806504042050954
0.803261769513663
0.798416092093908
0.804517769246765
0.809711048970206
0.791299044450499
0.798569398155541
0.806589829847777
0.800583681280367
0.797466281647947
0.80779046767136
0.803880172840979
0.804701106050866
0.803759545006343
0.798038053332825
0.800139823904886
0.811696676068293
0.793787855019046
0.804689496681718
0.797048809728311
0.800545645488165
0.80174903192763
0.800579309071636
0.804163421651212
0.807513971340068
0.802595980378048
0.791818066743691
0.803664665683733
0.807518999509954
0.802715068214848
0.795526306845172
