0.914564536461439
0.914402482258185
0.914793512337216
0.914412225207444
0.917223765592929
0.91533456628015
0.914115969612953
0.914707050688244
0.91638231748812
0.914804447916853
0.916046350739331
0.916507262414601
0.917290259731193
0.915554979718762
0.915232460132817
0.915907035290347
0.915525036382039
0.915131340207434
0.914831980695859
0.914751882679051
0.915208752558254
0.914650173447047
0.914462530934075
0.915449215326083
0.916720253139457
0.915991035209272
0.915427382360767
0.916458489785156
0.914447425815397
0.915834303112186
0.915368041592414
0.915275181658929
0.915963198227911
0.915061960448616
0.914974397654678
