0.988053232529047
0.985648822479161
0.987180845098503
0.98811892645962
0.987505430230553
0.987936503279363
0.987919694352122
0.987583083058065
0.98811488368255
0.988937371373626
0.988525637065999
0.988274830268414
0.989208731948903
0.987913316261138
0.988367614707045
0.987684073235706
0.988788341476777
0.986085199724192
0.986753382421066
0.986751862862756
0.989302337139214
0.987125941933824
0.987953198208031
0.985970941288651
0.987362100188034
0.986445120182468
0.986257406301265
0.987325465070697
0.988301821343275
0.988193528039247
0.985692195078768
0.987498692650623
0.987950525235817
0.988972088646693
0.987876011374639
