0.91466431046602
0.914100044825798
0.914204012244393
0.914301919206922
0.916712473988998
0.915305700406825
0.914401304831679
0.914649486584526
0.915182863025102
0.914943727201468
0.915510351683004
0.916220490299144
0.914834885786647
0.91495258935268
0.915080079440292
0.915800902983655
0.915413898720538
0.914444077532934
0.914607503968744
0.91537028220957
0.915109898236769
0.9145578410523
0.914885426500239
0.915241561575671
0.915361332546451
0.915971599866569
0.914943121910595
0.91651519313476
0.914369497551777
0.915538559510934
0.915256551640755
0.914814292669145
0.91553376254118
0.91412030142598
0.914554943161553
