0.774232744840294
0.872187375379992
0.705175039305599
0.664823451766038
0.848110016054455
0.756986085814841
0.754895586886178
0.858761297910198
0.779061862893314
0.885455438669074
0.696799086679355
0.753304423564795
0.768412793637066
0.909969112326446
0.84311937224157
0.879690994481039
0.852905093408804
0.654159673811636
0.674088505569159
0.656695409010538
0.666750878922744
0.753153607738307
0.858827274273806
0.946324598752962
0.845131431852649
0.758895866642415
0.664273353164751
0.844241206898448
0.761031881654622
0.682847201710333
0.702488168036921
0.849757585877799
0.75184265347631
0.688543750100447
0.762921139173664
