0.981179698362001
0.986466116020316
0.985001171923018
0.988340599159085
0.98697898728307
0.98796383765002
0.985927700914874
0.986502787613767
0.98865285830659
0.987036108274161
0.987032828773275
0.986139157093651
0.986214905862691
0.988343675535722
0.986217175612564
0.982588734650268
0.983470285880327
0.987347767350426
0.988453809258951
0.983905058880203
0.986145783942174
0.987430860687637
0.987100908028332
0.987416083832769
0.988358757621942
0.988523289068669
0.987154865882104
0.988106865688609
0.987693508156668
0.988248240436245
0.988562868632143
0.985539528524966
0.98545707127516
0.987825519838588
0.988175038849525
