0.685741004831314
0.905870545832686
0.764561767109281
0.742239641959935
0.654432646791325
0.555941766469608
0.653829225541852
0.662854417912533
0.511439567603586
0.572740850630516
0.574921978154052
0.644426410262361
0.73584108370317
0.589711400920362
0.65079703972243
0.65936406078776
0.730999101831638
0.738098604341091
0.667199349924961
0.76564058275925
0.733425150842711
0.65527048797386
0.746428550741689
0.645408042857451
0.730385317646074
0.827541541435009
0.573903398824927
0.644083288845157
0.746099315322772
0.644621912698972
0.740725629869984
0.501185180139119
0.735781427176978
0.75053261082189
0.828713186026884
