0.990404822609232
0.990573698869482
0.990722665038853
0.990905300648794
0.990661381595572
0.990320979186157
0.99088861466479
0.991054453665839
0.991068911021526
0.990394301226983
0.990876873890086
0.991007802885349
0.99046936124654
0.991176136693174
0.990958900639893
0.990915359572084
0.990451455081996
0.990927568159822
0.99112176457176
0.991106496527631
0.990667098379543
0.991018157970172
0.991066267050745
0.990817340362874
0.990916532092525
0.990748997879031
0.991127886084633
0.990216326072343
0.991006923118513
0.991012023383119
0.990324324560837
0.991126425935208
0.990849391426609
0.99106048909143
0.991110506466107
