0.99040511359722
0.990539659971143
0.990715765227423
0.990816188162992
0.990598081126829
0.990202743897731
0.990887856179618
0.99095192386566
0.991015724484341
0.99039054702485
0.990876241436646
0.990950509740265
0.9904622428639
0.991120429097435
0.990936225808784
0.990832034850345
0.990436158637845
0.990924804851804
0.991119944101456
0.991089027730835
0.99049531352802
0.991012806469609
0.99092757202807
0.990811375020429
0.990916120394747
0.990744515893394
0.991113031522454
0.990132103323435
0.990967779035233
0.99099276320393
0.990324264440266
0.991110656076217
0.99074456951866
0.991059201648752
0.991108161396959
