0.991109993860841
0.9909704371276
0.991102013114627
0.991031931561117
0.991035224799006
0.990989982858805
0.991046372756966
0.991211285095473
0.990973988001125
0.9911667657827
0.991150044458375
0.990870832304335
0.991114445449917
0.990937838841779
0.991031064242627
0.990922881280888
0.991161507842968
0.990996335797737
0.990800151111967
0.991131613103439
0.990986063203618
0.990925916258933
0.991100049629089
0.991126769507615
0.990941263086986
0.991187331453023
0.991163006479696
0.990950394149663
0.991056768110395
0.991107825054887
0.991125210887288
0.99118757686828
0.991179007303452
0.991122791360307
0.991062805643174
