0.99155212227627
0.991569443792118
0.991582503251731
0.991575764817284
0.991420155688129
0.991605482458906
0.991556004270102
0.991521887671224
0.991518735250091
0.991463825627903
0.991480438152054
0.991525863595322
0.991587952990751
0.991546920398464
0.991553700758789
0.991509135165003
0.991380694905363
0.991583396716349
0.99151226322157
0.991571127714586
0.991504879028729
0.991591746617188
0.991501637223824
0.991523564818468
0.991528533039855
0.991462272840311
0.991546463230793
0.991523998441035
0.991415518273333
0.99147912750263
0.99145720521647
0.991407877224513
0.991517749262589
0.991598184346079
0.991580996156621
