0.991552685390556
0.991575563651595
0.991593832856845
0.991570651187215
0.991406809838343
0.991590858070467
0.99149816638678
0.991493048059142
0.991485980523452
0.991440621938523
0.991490994122666
0.991476018449059
0.991542982935799
0.991514218847611
0.991541988869597
0.991476240342226
0.991374747677799
0.991575765066962
0.99148652833852
0.991517088374652
0.99149514974822
0.991582647437355
0.991508009019803
0.991431979510769
0.991502079483364
0.991469360705334
0.991516192241125
0.991517104247569
0.99140881309881
0.991465178768902
0.991452355726146
0.99139599885349
0.991532176265687
0.991575373865602
0.991565889767682
