0.945429772986953
0.330539929156186
0.95333502965176
0.631517110750271
0.344373938398672
0.5218889901633
0.492444638549536
0.954389420459351
0.944157644291806
0.505646157122962
0.941029877783469
0.513951808060877
0.476163486467373
0.659378457066027
0.506868844361909
0.940186204098584
0.647910843745381
0.960735129356118
0.94259401419919
0.944533308753234
0.499528292677321
0.95139371463621
0.940072710190675
0.965088456519619
0.95701356703609
0.959199059589384
0.578936276206972
0.531951988880465
0.954551204722321
0.94158824025062
0.957795717992818
0.947960645543866
0.957478301025306
0.49322875434104
0.490883639939354
