0.897259131455324
0.911428080654502
0.926335486016684
0.913773583574131
0.907607574003233
0.921232756652053
0.912609688369845
0.910024986039809
0.945976333917596
0.916264957388565
0.934044895869287
0.935932601272735
0.911296718586145
0.908936822975363
0.910922234334898
0.932325522437295
0.876856518498458
0.897155868347995
0.914882510407019
0.907241626233629
0.924543561302477
0.899573966743134
0.904672792360863
0.895634829907134
0.884294919122796
0.904106570185844
0.909759815530052
0.923278779865687
0.892994558452232
0.892010671950373
0.911060885180177
0.923646768317547
0.892629945047984
0.919270235623606
0.913493158442461
