0.507508305164769
0.503152623896592
0.508067432713626
0.502955318195787
0.497664282225219
0.510521446914868
0.510145386113126
0.50460362058408
0.504090806452071
0.515135789465249
0.505481641529269
0.522318760138544
0.5058789361739
0.503988391983337
0.499725813567036
0.501178290382742
0.512219440117681
0.506944218710598
0.50426753482841
0.504772712548288
0.502320716874864
0.498004132718879
0.506914586123864
0.500925239566767
0.51056863297152
0.508530966178275
0.505661493436022
0.513433205387864
0.509445743023603
0.506346406428332
0.509382890350195
0.509001775876674
0.498471169829013
0.503764727393861
0.50656798375863
