0.991551066965915
0.991569474855355
0.991582592388652
0.991581209782272
0.991420380278177
0.991606864916421
0.991549451719022
0.991521971490004
0.991518752110892
0.991463815894231
0.991480389500181
0.991526715773332
0.991588259634166
0.991546767023169
0.991553613737535
0.991509226968768
0.991380669595554
0.991583449679407
0.991512250556302
0.991572510779572
0.991505398453838
0.991591792053868
0.99150184045981
0.991523514040799
0.991528569064147
0.991464830847675
0.991546627119415
0.991523887826391
0.991415599868566
0.991480994513014
0.991457224441674
0.991407848881823
0.991518038532658
0.991595045067194
0.991580959239613
