0.910944861821845
0.879909820599979
0.886509139799354
0.873930174874484
0.88521854615585
0.886783540355097
0.881898434365988
0.878577822813935
0.875394947845573
0.87456109579812
0.89055350905461
0.87651674279568
0.878406033496859
0.873641964154427
0.882337490895873
0.879632979629147
0.871678358215836
0.866616864125278
0.872678886276434
0.877524473079325
0.879791786591547
0.885685609192878
0.890158624084322
0.869544272896971
0.88353253532908
0.878322166900692
0.879884072984772
0.892808987441932
0.863499840485715
0.890911263847955
0.864552328987628
0.882992776999796
0.873071978457587
0.891644720632526
0.872510628951347
