0.312568604129927
0.190119336719708
6.49226277372277e-05
0.187581815267153
0.0956934348029198
0
0.353035327810219
0.139026401643796
0.0413154637664234
0.315289927007299
0.0936761086335768
0.327578681837956
0.0754333552773723
0.068229639941606
0.42538895879416
0.224658553618978
0.0229160370218978
0.171988544154745
0.154129586705109
0.332970160878832
0.220835493976642
0.382054744527007
0.285792595026277
0.354945488254015
0.0793501262335766
0.44934559740146
0.34441231869781
0.412120141007299
0.0830274221153285
0.331575318813139
0.185419220978102
0.112703487150365
0.285767592910949
0.194118538817518
0.233358502262774
