0.885147943112957
0.883959586188628
0.888217810402734
0.891510281158587
0.890024352766788
0.893030705407307
0.88287319430014
0.888522443483628
0.887529672072709
0.891127479139916
0.885239955637252
0.89134018184959
0.885726551197584
0.888447079200506
0.880666404929729
0.891745921981825
0.885784225119214
0.887367588546098
0.889732302675506
0.890477790456652
0.886946219801012
0.886643531681828
0.889293852898684
0.889866173112824
0.891847035796756
0.888678705694843
0.892965538035942
0.888113639244753
0.891243754715093
0.889725038289774
0.887791381099244
0.885198438316455
0.890542350663935
0.887317522929969
0.884494544193396
