0.991477772848407
0.991515749805578
0.99154491185765
0.991468922994986
0.991573475763739
0.99150573039717
0.991515244218753
0.991459545759737
0.991531943139255
0.991501246515955
0.991529440691128
0.991488032305698
0.991540349746908
0.991552360605673
0.991528014227635
0.991504389598896
0.991492039616673
0.991563836500408
0.991567872959638
0.991450377185318
0.991557531508572
0.991568873750453
0.991482120339496
0.991547866713078
0.991515450547213
0.991510305716347
0.99155581114419
0.991511443080071
0.991517336569081
0.99149087371617
0.991536469670179
0.991568319031007
0.991594547044905
0.991566193673172
0.991527961011837
