0.897307999336828
0.876241863736133
0.762219424825831
0.913618017125409
0.7512454552208
0.887470293856875
0.744140929807165
0.752415407894549
0.754324570637936
0.878631055100688
0.755019910902165
0.753600044809269
0.755851125862352
0.753420095069439
0.757907940808746
0.893765355645698
0.751145790117899
0.767015780489864
0.754819586566028
0.753521024219281
0.707512377086849
0.895710967934568
0.899959187361339
0.87255869893936
0.766490875659912
0.755264357572371
0.849532741004099
0.90147736790289
0.878844787385544
0.755050714373459
0.894565738576942
0.749942249710544
0.742827199452617
0.749617066555057
0.7562253372625
