0.840383168625887
0.829116733026196
0.834419801571202
0.846139975091837
0.832803173447311
0.803702243997411
0.778952478495268
0.851982407006066
0.821005299145997
0.824201162364707
0.830988392990209
0.841100808590721
0.816111878265511
0.783282140133651
0.817916804621646
0.837080065077784
0.864669762154723
0.824761119430234
0.891431428504262
0.797549533925406
0.783767143677141
0.859259323088263
0.830971319572779
0.835876481669381
0.814172849573735
0.834381109572092
0.824266371016672
0.83230724967201
0.776084398579243
0.797284761760047
0.800026193477575
0.84199677027432
0.850504961696294
0.83348460786007
0.818771931524559
