0.986042369927218
0.986102464000277
0.985852979134928
0.985983283227997
0.985848716781451
0.986064703380829
0.985734756174642
0.98604133998642
0.98547935875739
0.985507561170135
0.985850553973642
0.985696350555013
0.985647666461922
0.986042229928582
0.986041926969187
0.985484868941238
0.986035337103129
0.985467578481114
0.985698383108472
0.98585800614752
0.986042800207516
0.986071693512433
0.985858364228002
0.985711129033127
0.985849289374312
0.986021691320012
0.985756052322023
0.98585170919753
0.985755069447279
0.986043480075334
0.986143266193459
0.986041612371887
0.985697284403148
0.985474640123915
0.985850838260085
