0.991558097224908
0.991834185790209
0.991546493345377
0.991570848232195
0.991377853441619
0.991696620751035
0.991562510640748
0.991829911505644
0.991440919602939
0.991743380355816
0.991470927198478
0.99202369105512
0.991574919241916
0.991969204112604
0.991853061114561
0.99225528609078
0.991603403374895
0.991271953172807
0.991743974264355
0.991587729319295
0.991612137172024
0.991700352161481
0.991649652572327
0.991832341449729
0.99163561326983
0.991423560735065
0.991517288754567
0.991842514130977
0.991438646079776
0.991699276298646
0.99217387943401
0.991522509404794
0.991973218054868
0.991964953325317
0.991507255163452
