0.991106883702321
0.990912628228867
0.991069544019962
0.990991140229535
0.990496029258989
0.990960007396128
0.9909569802733
0.991036880973858
0.990812469805459
0.991122321628792
0.99113186905949
0.990860166617116
0.991078983004446
0.990922180129198
0.990953840899023
0.99078209471349
0.991117016662019
0.990959727176592
0.990717766034729
0.991095512808024
0.9906088151528
0.990749795870407
0.991049491369129
0.991112421963127
0.990889038834948
0.991175580482492
0.991091668112318
0.990937719732902
0.990939722703774
0.991074805492125
0.99110482326665
0.991142757059511
0.991109567655142
0.99103693827083
0.991042057572587
