0.774722591440126
0.872180573088106
0.705137817267377
0.664480553379475
0.847355665204748
0.756945979343767
0.754606973454366
0.858635594672891
0.779143918725062
0.885390821110128
0.696431851235707
0.754170024649369
0.768235392175595
0.910008279305151
0.843345813902475
0.87926400897854
0.852815828822298
0.653950451456607
0.673931791495621
0.656456209010381
0.666626092999973
0.753042286445912
0.858716472723683
0.946328780795524
0.844777684031006
0.758526809136121
0.664654380878108
0.844072584186719
0.760473635874574
0.682644677299733
0.702232438849362
0.849688108789498
0.75149914356252
0.688400604441298
0.762818547867769
