0.920250012750564
0.931057593632722
0.948771329499788
0.935174448429796
0.929611583244451
0.933772731004365
0.940534101157082
0.983784598515017
0.945089703824815
0.977323029878587
0.936739301211745
0.950783430321392
0.978310098457082
0.938033439660848
0.934305713441838
0.932341168952517
0.932354315025714
0.926846610912333
0.948968458266453
0.902047121206393
0.978945189469044
0.929364271783942
0.970615710860042
0.927432029921557
0.920472345330983
0.945917878791251
0.955928796038333
0.983473336834844
0.945371840204359
0.938799288974647
0.982094039692848
0.933884791984119
0.929140707946518
0.932753131127562
0.930106413782097
