0.62407631013897
0.517425722888958
0.534043861584443
0.718490813769669
0.723257277063519
0.523901034343093
0.514288457886955
0.695429406064882
0.368132800929713
0.500578482029127
0.412405385750114
0.295773370485885
0.620407281777826
0.696596649958692
0.582485485908798
0.519370282338406
0.572056773971161
0.668384509900303
0.529004988543944
0.725283608694814
0.301617715340774
0.482295559798597
0.57819191719558
0.478002939832153
0.43833894545554
0.503187543179914
0.402889073563982
0.687069239009257
0.637796563703987
0.642903857291565
0.638702596275197
0.536974437206562
0.545002280150868
0.433556545011556
0.604713885919459
