0.820095020879972
0.839925372899707
0.855580370463632
0.909536808974013
0.810251349077506
0.842028162977539
0.892384830841842
0.867383908855469
0.827471043509635
0.577509906272239
0.891086683835217
0.815565546115264
0.890372306959773
0.909043085379602
0.888930759027029
0.577491251426227
0.873824618507666
0.905888660326404
0.577458352773038
0.577457455393501
0.814607274347551
0.848254576725521
0.577504367485013
0.577518198977885
0.862293763007817
0.830679151238134
0.57748090412499
0.816070053611948
0.772800421971738
0.903246772350037
0.915061400624127
0.873118639017348
0.901532149346174
0.816284466457588
0.816309128304783
