0.818159286431673
0.821498983383083
0.963014210972651
0.962724245577923
0.962015316539334
0.820096423474445
0.962244336227939
0.818227499842545
0.962632632320122
0.821786611219272
0.962575959878526
0.824031153781357
0.822062317106102
0.817311403771856
0.819360766861651
0.962208890669822
0.963267897433158
0.963166711208946
0.819568542438793
0.819725339837954
0.962641395603011
0.962512041544207
0.962396203389498
0.822518923816263
0.962687530139231
0.962136854519754
0.962786281754981
0.962160136902407
0.962587000956598
0.962280427792467
0.962746449273117
0.821317085368242
0.962552745864243
0.819778649140518
0.962839875446959
