0.79745920562404
0.955076354481252
0.797242022070587
0.96066850278052
0.796955283115614
0.961211957450114
0.797228700422857
0.796844250785286
0.94913359414872
0.934477939846347
0.959043486971076
0.797353279985553
0.963569695905043
0.958934583314468
0.967550537137378
0.797142974824703
0.797369110175551
0.958199187103414
0.949435741167148
0.953895867133392
0.797009649501937
0.958957741631285
0.79737955013905
0.797399022073661
0.958289689085351
0.940123406917907
0.955775464785253
0.797385941803877
0.960885948981656
0.957979673163527
0.797352172601913
0.952732937340787
0.958977508701159
0.963104110102891
0.797149434912483
