0.268755568026428
0.568191024457033
0.191414975712511
0.292817401655172
0.228119935207134
0.143203337172258
0.16631605148677
0.178844210894644
0.170951907467873
0.276896011884263
0.298369745713089
0.318645403084001
0.185173085105575
0.145294268995323
0.269150416357726
0.191985964527082
0.147474931716784
0.234087330715339
0.189344387678014
0.335553321581829
0.178292946283176
0.15817347829688
0.142840930273168
0.169137756789773
0.561958059806091
0.151131568635097
0.198588029079256
0.277037412827931
0.287027974628341
0.28564069693965
0.139654289310566
0.561855311816202
0.367931401594488
0.140104052508891
0.184926669734479
