0.837704570600687
0.841709088883885
0.841029187216831
0.837830991176123
0.840940819438918
0.842722006020023
0.842493094318524
0.837976480805136
0.838486354600839
0.842329350614255
0.84158736770423
0.843436754146652
0.841508545152675
0.838949060963242
0.84250744652728
0.841343838180018
0.843015746177901
0.842520261867029
0.841248678923067
0.841931122775289
0.839064525086418
0.842680894263173
0.843649603010831
0.845290226153186
0.845791421044498
0.838731600757588
0.843082802531913
0.842995082485511
0.843457997167874
0.839539997888344
0.844681101453129
0.841678706531199
0.838040500264422
0.842348868247347
0.841088389880764
