0.489353683634307
0.642779119759277
0.570298990137951
0.524335094012557
0.618822414260365
0.510275546164475
0.52678520982788
0.520486842357412
0.561942477349903
0.503902135950443
0.554676430500493
0.518919965634174
0.533583868636699
0.533886818187978
0.574832419788542
0.614428126726841
0.497474278230862
0.568817470168134
0.572299395823844
0.567066965263961
0.550970233518448
0.624783785179241
0.493129578249423
0.560241262719794
0.51328810387439
0.553663724166518
0.61739706112892
0.562754033736844
0.541253116125859
0.629487178711855
0.53276207310183
0.557464633247487
0.534614655154424
0.584592186459833
0.557905057156945
