0.997197163297505
0.997187664897183
0.997179070542013
0.997179557511955
0.99716656747086
0.99709355732046
0.997186134158466
0.997202574567728
0.997189295716525
0.997177719154259
0.997151506026788
0.997099669430309
0.997165817210143
0.9971452604918
0.997185127840697
0.997175156394404
0.997172587722708
0.997162516077484
0.997187070881192
0.99717643740482
0.997167816326478
0.997155127078133
0.997187074254828
0.997182178232591
0.997164123742572
0.997175909031411
0.99717612146154
0.99718350334906
0.997163216798131
0.997179038330863
0.997191407931363
0.997183335213616
0.99717610194399
0.997199117089749
0.997171977449206
