0.897330655949452
0.914300685109776
0.905819986273625
0.906083868917948
0.905907593905595
0.906897586168062
0.914770227319704
0.906860829204922
0.907550366416258
0.906625107206892
0.914826430242654
0.916230325948581
0.915358681224802
0.914706243180784
0.914615229770718
0.908499869317331
0.916359719754638
0.915984980446606
0.915344991207899
0.915362481894437
0.907921000161668
0.91540616212121
0.89764392933739
0.898712700469693
0.89903765366752
0.914326179588236
0.906431616985468
0.906684760268602
0.91541210836109
0.915875009717628
0.906676115030906
0.906894113719242
0.906319706508103
0.90617817347585
0.906467281483866
