0.991492495365654
0.991533277071856
0.991572813231696
0.991484771970683
0.991573766394317
0.991507022040682
0.991532115384316
0.991465433900301
0.991530925127963
0.991500872770641
0.991532473943084
0.991486455636407
0.991535407109034
0.991552388583268
0.991541874385665
0.991506517550556
0.991492318082281
0.991563785018224
0.991565012582826
0.991453923864223
0.991562590670214
0.991568644687872
0.991481797321209
0.991554052515246
0.991513776013107
0.99154042907808
0.991555437076651
0.991526082160593
0.991513921140078
0.991498211289423
0.991534890959889
0.991568372878537
0.991592629877985
0.991564980860297
0.991526317671461
