0.487498463415178
0.64128209374624
0.568283449038791
0.522890681076781
0.6162283638839
0.508536689795248
0.524901873187589
0.518785140802332
0.560884609887857
0.502018073959448
0.553025005635622
0.518300760383196
0.531748385140791
0.53253542769326
0.573427202070225
0.613595323937434
0.495788286615637
0.567402021079011
0.570432298691294
0.565317260387525
0.549167277518915
0.623057517215934
0.491450078056358
0.559496547453331
0.510913200389309
0.552355082161876
0.614484035705807
0.561288441191225
0.540432277361853
0.628401453997173
0.530653000143022
0.555043204225421
0.532849472695335
0.582449927852889
0.556245081646971
