0.845607346872653
0.837890089212665
0.862019513403138
0.837830200928599
0.865275825557492
0.845593912100616
0.843340228718165
0.838796548326672
0.844118492771989
0.855803573764434
0.881169072515102
0.839289878674294
0.836930264076389
0.856750123776144
0.840877330979584
0.838189429207745
0.864427679096152
0.865608121038599
0.848569590955126
0.86642887709639
0.854846590306731
0.860823978855047
0.861571464099658
0.860343244060064
0.867409470504379
0.837262480536863
0.861876712325763
0.84217373694656
0.877520731883837
0.837365637719744
0.869687166442729
0.837612960232118
0.838777864971076
0.84127058080092
0.848352945197516
