0.952142095954149
0.955965858887071
0.957346873074011
0.986870959633001
0.946524886346965
0.976528677230075
0.993482050984028
0.993550221170691
0.99286184793699
0.9931792460904
0.988954994868891
0.980034100857683
0.987928596531358
0.962392336469604
0.991849226577896
0.977737971602557
0.947225544296205
0.988015861075991
0.985738122261584
0.915980690353255
0.991361114803075
0.983868520103488
0.989245672608681
0.987891332177636
0.949705389985801
0.989010961784849
0.992082423849391
0.993139900260758
0.989864310165545
0.989400739487162
0.993051996462867
0.986191928527641
0.987216184820064
0.992824119060445
0.988154099182827
