0.823613137250523
0.782213418984333
0.794597665907496
0.793305919268175
0.793805037974027
0.801784155758674
0.798841243781901
0.798477432783555
0.792169994636148
0.802217900839365
0.815606854856733
0.802742832166729
0.824024481133251
0.811595525050638
0.817707355101659
0.814752037116025
0.799039031761855
0.803705471220496
0.806397655818979
0.779607431171916
0.795509010455741
0.797677558723448
0.808427379630616
0.776237067337442
0.806007641963181
0.818293239430439
0.800461794298208
0.822446903473011
0.809402208246721
0.818209779038897
0.774175924363738
0.828500432361898
0.818335128491348
0.790085948828439
0.799540748062925
