0.906605311620577
0.907982532864359
0.907395407825957
0.905038928237185
0.904559631772906
0.905921745641422
0.9046253775208
0.904369574058368
0.90522814884826
0.904008779814528
0.9061674044011
0.906154333783704
0.905894710286641
0.9039241767736
0.906765196423007
0.90515369711605
0.903882391579452
0.905572531226903
0.906000277220749
0.904750872982029
0.906668939702406
0.905393320618575
0.905814927169749
0.904166465473154
0.905474060895454
0.904596928281435
0.904392178051219
0.904671056504168
0.906209606223093
0.908470934761736
0.905453911110905
0.904970468076999
0.905722850049732
0.904944986080864
0.904044889596085
