0.774624487275663
0.872266550905686
0.705133264153248
0.664472790935999
0.847308012050499
0.756912999817121
0.754544697302025
0.858631063028679
0.779148971012022
0.885374062677441
0.696400431505767
0.754165940922072
0.768257725975393
0.910006541091836
0.843306890579047
0.879203992449356
0.852780118238018
0.653941102018421
0.673900136666078
0.656428247859967
0.66658453749849
0.753058341522877
0.858710667103308
0.946326952294125
0.844776656888271
0.758509334152506
0.664654201028012
0.844020603026461
0.760475014779912
0.682601210608879
0.702211775797699
0.849671056016912
0.75145776165996
0.688344105258172
0.762749170700138
