0.837196091266451
0.838639408349579
0.860374103346615
0.840171460795022
0.856284409762819
0.837934424071487
0.845692273521241
0.847790095959854
0.846559787607669
0.862102901938032
0.873131101961038
0.841227317789222
0.839805111788353
0.837697670520486
0.837811642410857
0.849966854692011
0.869091657855128
0.886182652766706
0.837276572050044
0.862355610133468
0.853761314940449
0.85864744915466
0.877660938393744
0.887239454418861
0.837692011298072
0.865625367479269
0.864833452629726
0.855841708109471
0.859595155865022
0.838297493372641
0.838154435628845
0.846969891065764
0.860038195378595
0.84489983980725
0.858419614522653
