0.624107829752952
0.530311001805363
0.534078281867057
0.718524438066767
0.723295912205235
0.523943592560364
0.563518441558309
0.718154839465102
0.368173923715603
0.507511193932254
0.439251547429457
0.313117174816309
0.638830354743619
0.696623384912172
0.582517969601417
0.519405259176412
0.576706628882125
0.668513566655274
0.529045146234222
0.725292579427218
0.301664312483448
0.482332272440895
0.613627077400094
0.478041917193679
0.438384254080525
0.503207458683426
0.402919416153182
0.688036191508714
0.638007603241246
0.64291358405194
0.638715689937313
0.539577255019028
0.545036791287656
0.433598207966614
0.604721702335914
