0.94305934422631
0.330245902545713
0.943732425693958
0.627000844502292
0.344316304250906
0.519613443526958
0.491916883049904
0.953478692964816
0.943139496390592
0.504112923508824
0.937870961969427
0.510524752688643
0.475156258182641
0.648992896372949
0.505041881456464
0.938095940687316
0.544256575046103
0.96058787271725
0.941392610833577
0.94123810583102
0.497628410620095
0.95103336228081
0.938601407423947
0.964918600862164
0.956664461090411
0.959156310980417
0.576705827174248
0.531306760177473
0.953178572763225
0.940308140840078
0.957326949883978
0.94761055047989
0.957083176729752
0.492035024415821
0.489783326743586
