0.986042522304604
0.986102398178623
0.985853193659193
0.985983401142236
0.985848720627795
0.9860645850822
0.985734740181268
0.986041236469539
0.985478999670382
0.985507100063085
0.98585082539633
0.985697065350917
0.98564815821843
0.986043192529998
0.986042279779523
0.985485304728059
0.986035158715936
0.985469224189933
0.985698297656834
0.985859432651076
0.986042422754176
0.986070687211043
0.985858455996131
0.985711157520437
0.985849376753515
0.986021732798578
0.985756074338178
0.985851584074553
0.98575533622408
0.986043727920443
0.986142275363572
0.986041580693131
0.986285542644341
0.985474331845857
0.985850855830811
