0.624088084175681
0.517441801783715
0.534057895888741
0.718510298760558
0.723278132722586
0.523916622343219
0.535768374038818
0.703698851675038
0.368145651577652
0.507496358943005
0.412408123123929
0.295792682510732
0.620419069060699
0.696604613490596
0.582496894107104
0.519382227359734
0.576431337693583
0.668407521218366
0.529022416210175
0.725288861025752
0.301636010985622
0.482311396502582
0.586205099091481
0.478013734068441
0.438353653581704
0.503193986358488
0.402897893596267
0.688029790220294
0.637977683711849
0.64290412909155
0.638706700274317
0.53955262617039
0.545016533216742
0.4335698899667
0.604720548082994
