0.905802593512664
0.914203675939897
0.905724521279914
0.905937450818671
0.905806263203985
0.906766692344004
0.914612431123307
0.915519471562436
0.915961923568901
0.906546994919001
0.915158166869701
0.916353349895021
0.915341434896819
0.914661289356154
0.914680226059212
0.908728061553949
0.916062197934511
0.916762297890172
0.915141522223231
0.915421313700867
0.915846915380852
0.915393071533946
0.915360833510949
0.907879033703487
0.906917171304933
0.913963732699883
0.914391432529832
0.915996434321443
0.915319731493685
0.915660571714466
0.906554534544716
0.91519880601082
0.906517093347262
0.906143893149607
0.915189180760143
