0.991630050237324
0.991875492805874
0.991616681080996
0.99160907372831
0.991488734566394
0.991747843037196
0.991548098357914
0.991881351979795
0.99182152310742
0.991812047705978
0.991534573904483
0.992076288302572
0.991636931099938
0.992030312436149
0.99190940581427
0.992338625202309
0.992064810040302
0.991377617306034
0.991813083556278
0.991676435236976
0.99171462664255
0.991753606977835
0.991644068995157
0.991917150131198
0.991677234126833
0.991510817173363
0.99202477918602
0.991927879192534
0.991475963171732
0.991754257350967
0.992221670655129
0.99162081541563
0.992004291143131
0.992052173065739
0.991592523185085
