0.906654329850462
0.908111083347374
0.904946778633906
0.904941100447787
0.904674511578617
0.905118791792171
0.904755354203706
0.904617179504489
0.90510075230037
0.904077185100766
0.905043801868996
0.904116074977495
0.905892129054755
0.903930570336479
0.906157076560677
0.905112605839299
0.903781150920076
0.904458414907238
0.905438800057663
0.905089979044186
0.905502818289654
0.905454012195554
0.90569899366316
0.904137569128817
0.905216621192577
0.904804462676004
0.904055889408736
0.904669663170854
0.905614510182482
0.907298985918599
0.905459044239053
0.904717202569431
0.905842427706983
0.905054796158051
0.904170158535637
