0.914619928772433
0.914315513683824
0.914188096889748
0.914287729932767
0.916793162406144
0.915313047214146
0.914380633315106
0.914620515183971
0.915387999462471
0.915089523316224
0.915517033937178
0.916536039586362
0.914934830535654
0.91477744007621
0.91507434231545
0.915812120423619
0.915386782767765
0.91447207458609
0.914510546893758
0.915209926348133
0.915124089705935
0.914788730611423
0.914853042102815
0.915127146654058
0.915352813639505
0.915909079943475
0.914903385049394
0.916311387504567
0.914354867782259
0.915606879323639
0.915224809798498
0.914759416250159
0.914956977115604
0.914336708319804
0.914532404312041
