0.918292240074003
0.919510450247201
0.773069189784137
0.925148310674451
0.765566308040814
0.918068312798858
0.784136612613163
0.768659952035367
0.770017608380029
0.919570368782648
0.774341488931398
0.773989862885095
0.76988813565546
0.77092381361631
0.772748863281979
0.927184933092752
0.777694278042886
0.778740876944601
0.912471721642829
0.773418962283312
0.780703130126854
0.93422362090083
0.929052394213266
0.910922474885961
0.775609399475305
0.773625455255768
0.912660044501639
0.923470879625914
0.917115404911058
0.768845616935103
0.933557788450229
0.77337764651658
0.78240536092907
0.778787928222574
0.769670953735888
