0.988749835777227
0.98946367868415
0.986833827770273
0.98977307155273
0.988376415676967
0.989138294841759
0.988830617864878
0.989051615824918
0.989838502169648
0.988306741376175
0.989398543287703
0.988130129409014
0.989045579935214
0.989527808957811
0.988994945105144
0.98977609272439
0.989499313311334
0.989734045458133
0.990033017397274
0.987318112490489
0.987362842154734
0.988558426321668
0.988834422656214
0.989424760319415
0.988997152985816
0.989295292506016
0.989288278673241
0.989144097880461
0.989245934666097
0.989913161916626
0.989630374389716
0.988236549103737
0.986383586544267
0.989480792979621
0.98956275445215
