0.838029439580136
0.841907810144525
0.85827942664579
0.839402355030726
0.864622190890659
0.849220075628861
0.837451258788963
0.742178406786165
0.855730628042597
0.85829737291727
0.867702371608046
0.85033935549719
0.85572619652374
0.852478480798253
0.839460966593094
0.837975123863905
0.863456805808822
0.855384794189902
0.844622947758499
0.890725710217287
0.839307024486637
0.792412816040698
0.87433861127767
0.859863217158404
0.842501277297416
0.840636500320242
0.851102755778978
0.839684340425141
0.863729158942989
0.839641917709436
0.864253124988806
0.853914138747614
0.843838744487566
0.839078234127489
0.84772849152794
