0.0888638711532848
0.0651722115547445
6.49226277372277e-05
0.187581815267153
0.0956934348029198
0
0.320376455455474
0.138496278607299
0.0413154637664234
0.260067546591241
0
0.15696854580146
0.0754332068394161
0.068229639941606
0.338138366747445
0.0587501634072993
0.0229160370218978
0.171988544154745
0.063581259319708
0.262403229291971
0.163677508553285
0.300196617519708
0.183474314140146
0.262825903113869
0
0.377987671270073
0.247302862664234
0.353629781021898
0.0830274221153285
0.27663744089635
0.0436407392846717
0.0838132833708031
0.152642677065693
0.194118538817518
0.0970239935328469
