0.905850988955465
0.906340858832045
0.907419284180586
0.909439148401049
0.908769809555931
0.906134091146792
0.907970490832788
0.906184293388295
0.906702435531265
0.909147485738618
0.906026478393652
0.908978012917823
0.907886638516975
0.9063932210077
0.907585426860444
0.91083331640799
0.907687665228355
0.906249616282993
0.906457153816299
0.905490277262003
0.907510341427566
0.905423439691639
0.907432923266149
0.908264635717036
0.90529997415451
0.904574102492287
0.907144681146768
0.906719493852106
0.907442196900207
0.909084019046897
0.907255130044469
0.907102644322312
0.908142566489768
0.907696793656826
0.90876084753809
