0.816913735703977
0.823449520871577
0.820171115953602
0.820540815011287
0.818569957062655
0.820338662583228
0.820508002425356
0.821362544006402
0.814224520399176
0.816341197634756
0.815737422007337
0.821550799646206
0.818556454090332
0.821538694103847
0.821915036718849
0.812580724950335
0.819092113026445
0.823184116934675
0.810640322072727
0.819714803897811
0.822437575044127
0.815691936860904
0.823513294204829
0.820707242976664
0.817840598496801
0.81697174529811
0.825233732610068
0.816689259900776
0.821103035032374
0.81931556432635
0.814147835401779
0.817875987683831
0.821220165994217
0.820397116193174
0.819582416361043
