0.996213320918845
0.996202478900519
0.996300100726123
0.996208673476374
0.996202478370898
0.996213510318609
0.996230849123468
0.996208649333638
0.996201782610132
0.996207456780399
0.99620546267685
0.996210130512861
0.996206324746487
0.996207977301117
0.996200797563999
0.996208228420701
0.996216437637293
0.996208778848302
0.996206767335395
0.996204483401897
0.996210807653128
0.996201110811802
0.996207516030098
0.996205670856681
0.996214544981244
0.996216710851515
0.996206208228551
0.996206706178499
0.99620522804258
0.996208311376859
0.996208331698346
0.996203190345097
0.996214065256528
0.99620892852336
0.996203441925231
