0.570124305827809
0.571022849131272
0.55668636680292
0.658310231390073
0.576158648777039
0.50439064144233
0.580558218026277
0.571789942830044
0.495205377772263
0.647401363168369
0.604383475537226
0.568645664435907
0.673504717433577
0.577922978065693
0.57072660458575
0.568635266162991
0.528617468065693
0.569798223845092
0.588462483569
0.631305974447855
0.530818066626496
0.613647675479734
0.569485123777074
0.420205348986861
0.438327258988321
0.608581642507542
0.568833970804835
0.571519149203177
0.566991649285537
0.549406311408717
0.50951196403795
0.643001522921831
0.647142019957295
0.566223317769047
0.592185892560584
