0.401678255693848
0.663565106156529
0.746377173922681
0.529262507374187
0.684124080612273
0.408851190457729
0.531690903543137
0.526386285244599
0.527164335799597
0.504859829208929
0.661974587067336
0.638897104312563
0.663395370013412
0.580046609656212
0.691821928073094
0.554056119942616
0.52510549429876
0.544168194990637
0.57816545071457
0.734972338978476
0.576468531794955
0.530559528285421
0.532161166363135
0.548930070498773
0.70322101016442
0.679483358804038
0.687361851854436
0.726780113118144
0.700264358416033
0.443614595924329
0.697570925072741
0.676744219497792
0.548438333285652
0.734564856019581
0.489736607975911
