0.965366870316837
0.964302307558237
0.965563150930118
0.965397839925513
0.966159286835369
0.964885271308962
0.964801638801003
0.965785204339945
0.964373398824544
0.963711962741423
0.966029066914674
0.963579139197225
0.964656006293063
0.963791101455168
0.965018003601974
0.965967793889497
0.965757058825565
0.962086042985757
0.96375657967379
0.964652897666189
0.965021436285945
0.962413803037937
0.965425950441164
0.96436804098398
0.965777891473879
0.965408010484667
0.965885809708665
0.965569913251455
0.965717198897596
0.965422831827639
0.961969666235201
0.96508283290714
0.965421430109793
0.962905337979322
0.965728722507475
