0.962987973526682
0.963068643822051
0.961613691306802
0.962448222335874
0.963622679870185
0.964127790903117
0.961303269107213
0.964224498182586
0.9661262178857
0.961008740713098
0.960086415448985
0.963109753372805
0.967274776474224
0.959830193998587
0.964825571506795
0.965432038014098
0.964079686058796
0.965434380205443
0.961883349644947
0.96334513007121
0.965008643622066
0.965926171844694
0.965286819243384
0.965322217462763
0.962396470466752
0.966853919100352
0.963163669886647
0.96739644110617
0.964762320581494
0.963957680485925
0.964188860560267
0.966071450303312
0.966925932228696
0.96273741493102
0.962879795636067
