0.0161478956247701
0.0661226509211185
0.0564381267906761
0.124410061261569
0.00439916563023845
0.0772366731173834
0.117591435176479
0.0247887393331181
0.0073769403826937
0.0129021804410656
0.0191778809887518
0.0214365938299631
0.0745505728159745
0.0422509216115257
0.0577230473890801
0.0814335164011706
0.0257792208986309
0.0485889399386169
0.0524638683661856
0.0182302759953638
0.0443079322960249
0.0632129937857011
0.0336376730680587
0.0500663292798184
0.00517300348958227
0.0671790842369994
0.0232461238761245
0.0322458679409997
0.0918297302758545
0.0302541251871534
0.0685614805736746
0.0282224046256035
0.0103517516155283
0.0264870595995008
0.0174914192992005
