0.834024422774616
0.834860388254932
0.834743559938127
0.835719348194417
0.838879015673043
0.838906423480101
0.840651777057263
0.837862318640183
0.836526534915959
0.830871013552106
0.835500433224036
0.836055057625211
0.837271047950949
0.835747162802267
0.834735791660547
0.843354349713336
0.841233608133107
0.839805477744842
0.832882360393604
0.831930375995351
0.839048766502882
0.835042378637294
0.838436870816989
0.833537423238083
0.836624109730753
0.839904389150599
0.839531961732654
0.829878699712325
0.839720155884509
0.842275217175521
0.83653509611101
0.832208615026777
0.830326570481614
0.837553005151708
0.841861474147237
