0.950888611533655
0.937586543386689
0.942148447619874
0.927356828069977
0.943864095427415
0.945118381611217
0.94868387751745
0.939523404425862
0.947533669792341
0.939517354988909
0.906478568737285
0.944094646587781
0.941073107295714
0.9460114849047
0.954786290561585
0.951414654156241
0.929626203616527
0.933015868307873
0.935156620479798
0.93500740033431
0.919831050776899
0.944285368891921
0.927564021462444
0.950015042908804
0.929468626148431
0.91770015916112
0.945657554133992
0.933488082423356
0.940751658826869
0.938511438815085
0.925754108638091
0.935552616325023
0.930130433535495
0.945094675149461
0.961254998182714
