0.574562213202097
0.574546360218316
0.574437580809048
0.574592589030372
0.574483279386512
0.574495178983417
0.574503111037193
0.574562873672773
0.574594569649027
0.574532849033889
0.574531527586672
0.574606452296832
0.574465426580629
0.574567859187103
0.574530503995864
0.574552966018748
0.57447732890589
0.574640141419169
0.574550984339904
0.574607112390397
0.574545699606857
0.574503089311328
0.574566175941804
0.574533146924691
0.574559933743584
0.574530503996087
0.574445552097613
0.574574145897571
0.574525217869177
0.574538762848523
0.574557920004769
0.57456119025952
0.574562213202089
0.574525878654728
0.574514644536166
