0.984338868291255
0.988514824988772
0.989589788763344
0.991069272343571
0.988942252307031
0.980838815070084
0.991844488537867
0.981689277585838
0.990025774819043
0.985704726524087
0.984602073246926
0.984434444787372
0.988559177612386
0.980526583878865
0.988791444844998
0.979035796991422
0.98726947914255
0.990284937086792
0.982279755162
0.986259784306493
0.975891983646942
0.987853866719716
0.98166521924991
0.987112617203215
0.986904213936466
0.988072503562557
0.986514408596994
0.987957070273366
0.988795840634025
0.988318225278861
0.990401052547021
0.97924527978236
0.990154902663272
0.985395477356698
0.982435581171714
