0.872089029908762
0.863234217254749
0.871854541543061
0.883544243550511
0.890376414039008
0.878330278550846
0.876554731543638
0.8953253663039
0.887238723931891
0.871409905641629
0.881026255641161
0.88470620617368
0.90025126002777
0.869928434759089
0.8826245060582
0.891477089457723
0.890779082517194
0.911070327970779
0.884971410060789
0.871722980400096
0.91429768423838
0.865910271860074
0.884768649837039
0.869903092332681
0.880855958061905
0.900424759580694
0.876137079046175
0.886268533002619
0.885668900255656
0.894752578912836
0.874179673712698
0.8752543249646
0.875955887056239
0.900235518131028
0.891245666516865
