0.988507747257
0.988361177459339
0.987495591664724
0.988208748067838
0.988427175244222
0.988218655567555
0.988127111964497
0.988045546553902
0.988516907463442
0.988391474308404
0.98844613350148
0.988423094524318
0.988147044344653
0.988495916698836
0.98840673826441
0.988469077769506
0.988444564532847
0.988504772370054
0.98843746126039
0.988423650435523
0.988164997951094
0.988279446943164
0.988524806822035
0.988510333990032
0.988433440627536
0.988863681848815
0.988556096322699
0.988440765294338
0.988366816242165
0.988302975247252
0.988382099827982
0.988538917354669
0.988146881256294
0.988095781367361
0.988662363230623
