0.660254622789306
0.657837415756931
0.61668732005537
0.686509098018405
0.644960030460698
0.657127799376573
0.635386256418015
0.672430306745816
0.656881142322452
0.676285058183894
0.656486271676007
0.663956734139552
0.659530015602696
0.642402957728194
0.662536211381119
0.657569614034318
0.67273611865566
0.676581324630613
0.652065660674392
0.624416752857819
0.649702053545133
0.646016340523845
0.662058288285946
0.641507419178793
0.6253398561574
0.682011190513351
0.660501917216916
0.669591325509386
0.642227898336756
0.658625748346699
0.63884817451655
0.68190529281471
0.65094474797697
0.646924134072236
0.675358686562979
