0.99026666852712
0.990263417166384
0.990273646522362
0.990271879381776
0.99027228355861
0.99026117588715
0.990275153870726
0.99027059577556
0.990270703200608
0.990262645498921
0.990259373301847
0.990265455379541
0.99026780827174
0.990258619498136
0.990271710392207
0.990264817843325
0.990258147340601
0.990269449229787
0.990265556096337
0.990286002951025
0.990252068393304
0.990258015484707
0.990278171726031
0.990264108574156
0.990250826516265
0.990259679986483
0.990278312235843
0.990263926386966
0.990265296499554
0.99028187592724
0.990260147037331
0.990278069459346
0.990261683581506
0.990266279802075
0.990261095538107
