0.830240238358405
0.831587224732061
0.839030410057637
0.829780554605528
0.836564813839119
0.832447204932093
0.830459070143193
0.832420339646438
0.83178377162685
0.83204914369567
0.829940660793563
0.838531933189149
0.831231878201397
0.830763022286985
0.834317956382798
0.831592765355636
0.831548149022012
0.835435844079684
0.83161989843809
0.833995584976255
0.83237729514713
0.831187231599589
0.830501570869577
0.831324262239283
0.832152731458805
0.830626032160155
0.835591519401935
0.839551489429182
0.831430483909285
0.831756372432165
0.830977383913273
0.839941596751119
0.831948027122184
0.831522502640624
0.831808125712903
