0.926257296280071
0.954888820702314
0.953972077297904
0.95729657940881
0.959564467881968
0.956320132901572
0.954846793990266
0.95779383278304
0.962745181481847
0.960494349325991
0.870710408121836
0.951612993444681
0.962593778939463
0.961720712087641
0.955452125097557
0.919195573404816
0.959136042209853
0.915003983132188
0.960129375271627
0.898405232166142
0.960192508312357
0.957636984382782
0.907442286801951
0.966465783423588
0.955455472210385
0.911801416205704
0.940785960384221
0.93518662246228
0.95493737024551
0.916019943688342
0.962549006335318
0.905529456216958
0.882142618432603
0.957537832045437
0.960242300599692
