0.776594945000363
0.764501539449043
0.762239876829299
0.761499962622724
0.772203057407238
0.761001490870822
0.761969835376654
0.831223551460727
0.762923910773752
0.762392986143885
0.823388840183075
0.762020154828733
0.761536567697156
0.762932693177479
0.776850179027946
0.761129121305937
0.765997923957908
0.766460120324284
0.769579152854714
0.761612214563689
0.768374900965398
0.846648269256615
0.765206869890885
0.764892221847618
0.762502426167777
0.762797601426182
0.764083676186959
0.764237650929598
0.850580871024076
0.762217285221389
0.764723458502584
0.759575153774098
0.768504436539617
0.76298876709132
0.770273254966181
