0.926050256374261
0.924341098673166
0.928398740383208
0.93115815742607
0.928902614483554
0.928681463854201
0.928358829195011
0.9272474713481
0.922913234780881
0
0.92567939956413
0.923697088136534
0.928858865682185
0.929311140122337
0.924936610392288
0.924200180592022
0
0
0.921825354901866
0.92844177566994
0
0.908951101952828
0.925483193948444
0.928857175772071
0.925818281235967
0.924279392566506
0.931240128408246
0.931403796724723
0.926797281960379
0.927756799163461
0.92175172326107
0.929211265597522
0.92505506760577
0.929369463091813
0.926863316597713
