0.986652161894648
0.986705096988089
0.985866094997236
0.986089744611133
0.985252511472309
0.985467593021504
0.984685964546497
0.985924633853265
0.985826167038714
0.985280217660279
0.986058688726315
0.986953911022316
0.986563593647633
0.986074438882263
0.985835498117783
0.986738406207887
0.98619736544
0.985981338594685
0.985736690512971
0.986366343804862
0.986785041279154
0.985982059482192
0.987535318337714
0.986514320337571
0.985628245118194
0.985590366819419
0.986146976784959
0.985485526588488
0.986639643815038
0.985602515375908
0.984751493911818
0.986616095910344
0.98555172110989
0.98620746333595
0.986866952965429
