0.929388138976536
0.928784024375399
0.929274227271484
0.930733217876099
0.932691105448226
0.930420386886002
0.930574777818386
0.929491293094323
0.929920582463928
0.930676520466303
0.930552289872712
0.928781974193399
0.930268493289579
0.928665868728951
0.929986532626289
0.928941721551859
0.929959268950186
0.929879229911046
0.929161196197424
0.930042049931157
0.929752066629092
0.930745337596849
0.930884066384388
0.929862148752332
0.930294169648571
0.929915102328085
0.930582265056357
0.930342095381691
0.929319694667822
0.930042963804154
0.930045413516674
0.931264103001556
0.929529087134972
0.9277414379212
0.929386958146593
