0.988180060991061
0.987665918189597
0.988235724558718
0.988201537417484
0.988074287396561
0.988606847095897
0.988009193440774
0.989882676206203
0.986326194915684
0.987601297149598
0.98869005728811
0.988672761896294
0.988879076842811
0.988532919028772
0.98699427655021
0.984807655814548
0.987728087255297
0.988159722016876
0.98793493362654
0.988175459247403
0.988603884984915
0.987502584927766
0.988731647875783
0.98568584770666
0.987321765124041
0.988787424286063
0.986276504676111
0.986074384355163
0.98664224245086
0.98650884351369
0.989655865258736
0.985402053712362
0.987485550164635
0.986635310333006
0.98766048775088
