0.216777847463864
0.229763984103573
0.262137091273946
0.232743818216065
0.0714732560268161
0.050020041095456
0.115246192852835
0.0165514656850775
0.375059997730744
0.252272344033496
0.0844553490406629
0.0737402484011806
0.188773704764608
0
0.197747290171938
0.0208963272255333
0
0.12217345424827
0.0696739680017529
0.116758752078119
0.15241887633253
0.0782144298355725
0.0466808732941497
0.091155641205471
0.0229768229915254
0.0560923732193112
0.244792833941424
0.2769046678344
0.0780083711620069
0.178636595194703
0.0825220936157717
0.117752289415093
0.0130680799898412
0.152701490787171
0.0701780007236522
