0.719246745674294
0.672315709220966
0.72108415929327
0.720442912685891
0.718672415223818
0.679505594821412
0.645822349004381
0.719229533052453
0.669128321458315
0.681657675360269
0.677805943926206
0.645716089789326
0.671191580829533
0.726513899717348
0.606297455930323
0.644360169624642
0.719227478915953
0.698176622455716
0.671733124293042
0.633299591312718
0.687694606008125
0.640642046422934
0.718962382684382
0.684586732866429
0.718927684729754
0.649055998868166
0.685971380296406
0.719800602816093
0.690609250797883
0.674740092540554
0.718985823119669
0.676845889237933
0.719602965173305
0.719284014535555
0.685478154325072
