0.986674013859143
0.986827060573563
0.985859396214652
0.985355536615565
0.986940620770481
0.987446427368652
0.986238667328029
0.986259901802016
0.988164463828946
0.985577182587489
0.987222060556511
0.987788911352199
0.98698206875852
0.98623435197106
0.985006053785086
0.986832481173407
0.986161165991554
0.987913865827999
0.986293189956084
0.986577444497162
0.987762509483887
0.987494604955737
0.987673102930776
0.988655472089387
0.986069369229512
0.986763111084173
0.986417268283036
0.987813507034074
0.987237348616229
0.988204269268508
0.98607874656721
0.985715000512499
0.986476387633289
0.986802862529172
0.987708570695993
