0.871570741096435
0.862479362886126
0.871664901759571
0.88332995401444
0.889604756126709
0.87785287262366
0.876411048004238
0.895115419017854
0.886935929186383
0.871119431572198
0.880061193648035
0.884494466978267
0.895144224223649
0.868886285717395
0.876711000336798
0.891251827307886
0.890150883873117
0.90920295620599
0.883576124326083
0.869267795166592
0.913516641612697
0.865621728502708
0.883385164513996
0.867969284322621
0.880438206937226
0.90000215613303
0.874093848625821
0.885202558723034
0.88542264288413
0.894448432826815
0.87290154120563
0.872155567820666
0.87557991801131
0.899243389489295
0.890996372125193
