0.831352364248749
0.82976770390449
0.831945351162375
0.833346986424547
0.824270210148323
0.825164737878403
0.825412087249189
0.828228441309388
0.823934584935567
0.827752679514182
0.831005743543906
0.832568324953577
0.832850029568283
0.827304334851555
0.827385290445918
0.828061945611827
0.827039439226276
0.831814653025179
0.827718596058465
0.82962593639201
0.830958499472432
0.828951910728163
0.825543399777592
0.833740153216205
0.8296673579668
0.827616145437242
0.821917342376072
0.826676311937305
0.828617411749634
0.830894328061623
0.825415785171909
0.84006998194688
0.832819293891658
0.832126653085415
0.83272699946272
