0.52860426400068
0.528924823570611
0.511538842824625
0.512479689986953
0.51438288159457
0.508091612930992
0.503225694897098
0.544975240374382
0.526632221963237
0.480268245794142
0.544081154583736
0.519105582381349
0.503138080656048
0.552590987979415
0.537140246685492
0.505705464387474
0.502200992001099
0.489670076017014
0.479696259856708
0.483526901591429
0.519563503095879
0.510642194831827
0.491254342782489
0.517325550752833
0.501134468742483
0.52474816907686
0.48334494157944
0.505782623862635
0.51113602008054
0.490735897050987
0.509752943855659
0.507761113068901
0.516889094891885
0.52080915845024
0.471506035288933
