0.227695549029193
0.238888143053579
0.177294145011539
0.210600353451127
0.183708414396539
0.218605919206859
0.213885439396684
0.204425461734001
0.192588931590707
0.187812287147579
0.213525462719649
0.208867374636087
0.22523749556782
0.212840008484079
0.223409367080147
0.21676367866967
0.219624711261784
0.208045668119454
0.216262483502699
0.226932459243112
0.206104265062685
0.22712692441415
0.206737938799669
0.25647813262545
0.242683077295468
0.203256207130981
0.209003230415622
0.219762797352606
0.227945419552009
0.211132689172043
0.221531732300747
0.211614605578344
0.215558772827923
0.237354581477841
0.202218548411405
