0.827170169214372
0.779800470633767
0.764529512329866
0.764714946523522
0.83667951138892
0.767423335539678
0.764036011241628
0.863566314690457
0.762050453014037
0.811310310177531
0.865563911465047
0.777449456906336
0.768406072589661
0.763190598589138
0.816546539227971
0.76077679418512
0.847953833191147
0.768214837536205
0.831907361500836
0.759957805291062
0.836052050842761
0.865436853245912
0.822992953609512
0.763647872460332
0.793031407381759
0.761375613578618
0.772776739251502
0.775459279319071
0.860445825172327
0.765861726067321
0.785290748724032
0.762150450731734
0.847077024950555
0.773454659957184
0.864807398434128
