0.956671751610276
0.94618102830649
0.933273065175335
0.929319377661925
0.921421425366879
0.956192211261984
0.944456516115709
0.94308577495498
0.950205278321324
0.93853497032847
0.938651302057847
0.958833569691924
0.919207465108213
0.930401642445812
0.936778976734407
0.931227853879677
0.954773745455342
0.949601667019451
0.95659830527146
0.932107477104339
0.953442338700607
0.94284561480764
0.965804840115529
0.943536705310736
0.937880606193009
0.950366053592377
0.929646484311462
0.966455911634769
0.91225115265784
0.918397981415792
0.959261139065099
0.934953641005427
0.933148891665398
0.962422980699132
0.937116791400522
