0.818834841374456
0.844042438767515
0.84291826033412
0.846244072634766
0.846799238150675
0.842461957940061
0.848746645768025
0.832737360426813
0.851309745844737
0.84848740179648
0.842019209466341
0.82762684581302
0.832055131347783
0.852340306070573
0.848549845819414
0.845988173430599
0.835038401135204
0.843190795863162
0.845329408141391
0.854801096664259
0.837961725204033
0.853661307135981
0.845533577137676
0.847648571196473
0.85234424808575
0.849880223867459
0.849135610338486
0.834939135571127
0.847214964379149
0.845783177437751
0.846098439301706
0.854635586815772
0.849923431403726
0.851332227438633
0.84974354687493
