0.964176705877481
0.965913598676271
0.964310306989125
0.964165935133799
0.964404388291977
0.965070051280485
0.964133312711225
0.964704607132012
0.963421289603024
0.965612074815755
0.964863411287401
0.964430017530193
0.965179434546099
0.964576617367656
0.965010788186053
0.965284730373242
0.965191792264976
0.964786664677937
0.964229787761507
0.965231127077394
0.963959355291566
0.965035516307646
0.965108066776621
0.964127825891592
0.963134662428733
0.964724919688026
0.963959141912266
0.96509378943026
0.964442663568541
0.96390757127056
0.965330024912215
0.963978544733954
0.964424827446094
0.965611923815636
0.964997125275862
