0.464352133530626
0.448923209581448
0.460897036794424
0.452199594043494
0.468462760914162
0.456869980129559
0.455997987145681
0.461711777385171
0.458239115963565
0.460086819887137
0.449959411624888
0.461642486001447
0.462884148561233
0.45895990447778
0.446851556631833
0.451783119704981
0.459164055363216
0.446831718131381
0.459570767428545
0.45986245718217
0.451467090749351
0.465201929155647
0.4511580786331
0.445538665373359
0.454242009243087
0.469077432270244
0.462528132387257
0.457839553024541
0.452933070037038
0.462116691939502
0.430734755777969
0.456828743632779
0.44437493710474
0.447897369905808
0.452247807902517
