0.49464503988371
0.494645040953634
0.494645040953575
0.494645040953663
0.494645040953691
0.494645040953691
0.494645040953691
0.494645040953679
0.494645040944243
0.494645040953691
0.494645040953691
0.494645040953684
0.494645040953686
0.494645040953663
0.494645040953691
0.494645040953594
0.494645040953665
0.494645040953686
0.494645040953691
0.494645040953684
0.494645040953175
0.494645040953545
0.49464504095367
0.494645040953691
0.494645040953691
0.494645040953691
0.494645040953691
0.494645040953691
0.494645040951957
0.494645040953691
0.494645040953691
0.494645040953684
0.494645040953691
0.494645040953691
0.494645040953691
