0.919152779797778
0.91898869900044
0.918231739456256
0.919674518948073
0.91789746989884
0.917928931594277
0.917616307358248
0.919328204247337
0.918516825821611
0.919152809953587
0.919727025850334
0.918102403282535
0.919177899439556
0.917795774745082
0.919001974074431
0.918519009044522
0.918402562718454
0.917669605236992
0.918484122737633
0.920205168471225
0.918528273041723
0.919255048252129
0.919637579465155
0.917008404681217
0.918435774490742
0.917860479265295
0.921219787501945
0.917458396941042
0.918557163859807
0.91860669615279
0.918947993788671
0.918786670758539
0.91837408093188
0.918514560663566
0.918580886725102
