0.942481851951781
0.941761490304484
0.835038069799954
0.938741936496986
0.938843700691166
0.938153781626915
0.943656070559995
0.940819743507499
0.827983229382224
0.87680509268386
0.941623164489283
0.823719819976826
0.8293409325668
0.89104898082658
0.826975125165482
0.937804758827512
0.82566546561411
0.944100816216095
0.876310384131757
0.827205842354452
0.926543673274119
0.929455120034653
0.875565024937528
0.938131867364752
0.940865331441247
0.94123895331302
0.914434546141868
0.830226539770684
0.828034364523376
0.902641883361204
0.842247282960734
0.826655817827099
0.936441074898881
0.893509217292205
0.826432681049817
