0.92965423411269
0.931322694753671
0.929512427372795
0.931034769787215
0.927863607688811
0.931514822687703
0.928918630165555
0.930685926383132
0.931371340290277
0.929420451758062
0.932427069768635
0.929636779845205
0.931229016844767
0.930592606016151
0.929731956412661
0.928667135106261
0.928366714348102
0.929264880788729
0.928432080840943
0.93084135404374
0.931361582217593
0.930106326803437
0.929422072291944
0.930182116626744
0.931590285728966
0.931030951228853
0.928802528796625
0.930560311067019
0.929854943864658
0.930126964571393
0.928991566110866
0.92976144923879
0.930569606679626
0.929776247603791
0.929640117779306
