0.300606295763866
0.398739962779983
0.277400618419299
0.378614172761567
0.40073579545619
0.38234868110791
0.445588342958067
0.346731960201058
0.29583236482517
0.337527047272277
0.333699421996974
0.36293276843612
0.348893499437076
0.282614356871982
0.347457495889773
0.481878487991934
0.330925662242585
0.365929078416245
0.374458806281665
0.44044468110388
0.385603749801858
0.282095821888822
0.297858693781423
0.324488315170099
0.374548958873558
0.320830371045283
0.371101137606687
0.308390195481084
0.334235587542665
0.359318864443663
0.392657580290788
0.362684737395509
0.382558329813251
0.323252982049554
0.430645084236701
