0.987799300049672
0.986847671358579
0.986804856823164
0.987159728565969
0.987412571649506
0.987201186353345
0.987051301800768
0.98742307282415
0.986670423253536
0.986340398929554
0.987888856226812
0.987700975973965
0.987504394369562
0.987308206565155
0.987515909445827
0.987623041631843
0.987428510288493
0.987265769729023
0.987989038847474
0.987229694757027
0.987781900752769
0.987071335214102
0.988294118342227
0.9874846100599
0.98681887921215
0.986317704252537
0.987345066904124
0.986918068275263
0.987601001494746
0.986858771374102
0.986629037298244
0.987896138365475
0.986533388539147
0.987655675466955
0.988363508618888
