0.825482355802398
0.822360260291425
0.82774396050618
0.893845459295135
0.894304928328805
0.82648655959594
0.822874878357457
0.81846234504008
0.821733511609
0.893989571130643
0.858286804149438
0.860284613363983
0.825463375097959
0.824284216246703
0.897082732912372
0.866616411461008
0.842281751999502
0.827499860726969
0.895229361398896
0.82235735076577
0.894673418515446
0.828349932071492
0.897685198311943
0.85572460970841
0.901301313480936
0.826559502595212
0.893487449599354
0.896330384886188
0.896426312851965
0.884783135609799
0.901784957587179
0.825331336981162
0.826065955458659
0.834775256752562
0.890186546163171
