0.996390781943674
0.99647947999524
0.996315337691113
0.996435958417504
0.996399760946134
0.996540380422103
0.996406466770282
0.996425094597539
0.996265408989371
0.996329771908023
0.996468572727083
0.996532592494271
0.996515828487692
0.996374741388523
0.996403688183031
0.996411179355107
0.996390577888182
0.996202091255289
0.996390877414718
0.996637780650037
0.996468312154587
0.996564835051147
0.996307545081147
0.996479139826216
0.996494260819153
0.996461826049133
0.996285137652048
0.996586572067019
0.996335207960254
0.996331298621725
0.996572814896754
0.996345242305208
0.996417286826894
0.99635041455983
0.996349318114455
