0.990253073528516
0.990256169125533
0.990249693560064
0.990253355683367
0.990249096879173
0.990253011808592
0.99025672242603
0.990251189361957
0.990249826044848
0.990252100349724
0.990253180060925
0.990251943613204
0.990253147802995
0.990251805383443
0.990247944068863
0.990249079265099
0.990258644279834
0.990254681275645
0.990252932514615
0.990251721826133
0.990250729669477
0.990254012103346
0.99025227034745
0.990253986228697
0.990253638241192
0.990249263805384
0.990251173142311
0.990253105491899
0.990250632695405
0.990255438683201
0.990407981365096
0.990255815176373
0.990252120893987
0.990252424450471
0.990253369206122
