0.583824562148665
0.477628505976893
0.636431317993043
0.605532186517185
0.506411460495051
0.354348048368949
0.425413459807921
0.587104057632862
0.580549552046917
0.536218003340301
0.542961366961277
0.531444835589255
0.612320147407792
0.451560279590804
0.554775618184563
0.62244095525841
0.587869194740854
0.647768821828453
0.572198753635407
0.270295051696992
0.628425390307887
0.544062522945132
0.600992724033244
0.363349698505703
0.671284868091152
0.493162617374031
0.450512572014872
0.616864968527157
0.532039569229801
0.617993385161172
0.582116055314233
0.646099504993481
0.52099822487793
0.545147224669281
0.631729971952634
