0.965103222478777
0.964740837835273
0.965292768830946
0.965737297433864
0.964728144576104
0.965741486360352
0.966056391458093
0.96467753141197
0.965191482694845
0.964178351166516
0.966425672841832
0.96567256636047
0.964284528225449
0.964600658687584
0.965818155397348
0.964750468573656
0.963904458778426
0.965998257194792
0.964300094784664
0.965385336190661
0.965065883279168
0.964630984519941
0.964904179126756
0.965547118599987
0.965900037261304
0.964023325051705
0.9658310587344
0.963198529111933
0.965218513867602
0.964698390812371
0.964471356228977
0.966167420208441
0.964287843659158
0.965207387383553
0.964101286563799
