0.84494403170379
0.845410279560358
0.844549011520257
0.851692780374554
0.850585207433427
0.852020551342787
0.849164700632296
0.849814219034673
0.848604413471398
0.839137554883356
0.846235958574659
0.85034898168002
0.846332838034532
0.848069591452453
0.846656999908847
0.856697582744188
0.852513455611742
0.848851840774723
0.847089361353775
0.844577189638625
0.852262414920803
0.84512083985377
0.850464020343393
0.841695609776751
0.847960525706849
0.852805328481994
0.851870129640592
0.844563276839429
0.852765044840476
0.852586622343094
0.849251864723003
0.843584750733735
0.842878799199107
0.848558258773657
0.850745396972201
