0.91732213844966
0.919742805416606
0.918229092215941
0.919891236580578
0.917544929462589
0.918287337051252
0.917892915257412
0.918543725228524
0.91682436261891
0.918662173239866
0.918388771922879
0.921495884383171
0.918603996075345
0.917366388564879
0.920243811085734
0.918597550988973
0.916990235373391
0.917690720282483
0.918660631128639
0.919378942327623
0.917256697882088
0.92010152190743
0.918005987679155
0.920110350883459
0.917699397209943
0.917926013866223
0.920749292725867
0.921918754855182
0.917927524586139
0.919242191321551
0.918215054615503
0.92212397400968
0.918762822818965
0.91954538558003
0.918312012643089
