0.862054490742517
0.836793497627423
0.858325866727784
0.829219593118231
0.855615053901014
0.841252812120986
0.798711602068697
0.82593789914498
0.854542614828546
0.809294138492106
0.831964432745479
0.856738842435326
0.779894156381912
0.863798991092525
0.807720606667289
0.863251807341663
0.773669414300151
0.883212787670938
0.841795935218013
0.840314004148012
0.848991991241159
0.847645788655863
0.887250804305945
0.84208606093644
0.891954316098135
0.898457939367743
0.828724167125073
0.847691067092464
0.873343000857181
0.893514616796032
0.869530776727908
0.84960550327841
0.866445506148095
0.848006710404516
0.858927726914107
