0.956639300144804
0.968829356104439
0.967661291543305
0.954240984837106
0.958776382178618
0.966994884532415
0.960380470777932
0.964258415505494
0.966723219562451
0.970201170508645
0.965287475522922
0.966828789085632
0.963279032740134
0.96827481334169
0.960688900863489
0.963904190564796
0.964828365179185
0.969191388019852
0.964973808865929
0.957739765772861
0.965808288885058
0.962653013471322
0.963998676199842
0.958342605806138
0.965417534152089
0.964254415861419
0.968904965445742
0.962206071668974
0.964793300315794
0.96476098204502
0.967557514637312
0.964907775495608
0.966672467583326
0.959032116147452
0.967317422324688
