0.853649466670061
0.838558365372056
0.853871040909308
0.855838599851636
0.847098656182108
0.849400577035138
0.852284769225105
0.856953974045278
0.852381304768426
0.849161337233689
0.851940289863581
0.856381092882547
0.850842762797491
0.852081013454616
0.850504248895204
0.856373471860493
0.850413450998803
0.844309988554026
0.846473559464464
0.85459387398943
0.850213220761365
0.84756278017308
0.853394173083716
0.847786878835654
0.848169459755436
0.856043549575126
0.852221620318843
0.85065714069536
0.852429161739736
0.855274645901277
0.854937052377963
0.849166721979646
0.85329677340257
0.851203394540794
0.845186656597553
