0.996944424274199
0.996882869979541
0.997130272263381
0.965123777089415
0.997162368869378
0.997000070988533
0.99680420024967
0.996512429586044
0.997072862705769
0.997070066106674
0.996805782027727
0.997129998658946
0.997251966875102
0.996944840833123
0.997490729940869
0.996923361168748
0.997328781968692
0.986663191762365
0.997012590060507
0.997160225968144
0.997109005947885
0.988589423375198
0.9649875354784
0.997098418187136
0.996882200060044
0.989436253670167
0.99723859121064
0.996943120193447
0.996830366713871
0.99699739797993
0.997225405852247
0.997200368795908
0.997343974088676
0.997034938618011
0.997004190014689
