0.54764161070343
0.524646069272875
0.427616443386104
0.471642625519606
0.558702869519579
0.47619920149768
0.440303165934436
0.5884914163224
0.513880429770225
0.491551120739083
0.474451804081571
0.505327297650435
0.43842459198808
0.325199491120446
0.474232250071049
0.387580748489871
0.513647949079128
0.490348586391305
0.49648786649997
0.574810874365178
0.598299148075173
0.510491231137447
0.374443021208512
0.536217822933919
0.539894094320217
0.55297731589383
0.576573176592291
0.536775260085352
0.430625343698937
0.498898061879904
0.42790726652286
0.36332469187431
0.426455060113156
0.519157164052508
0.466384674889471
